18900.0  -1.7375739e-05
18905.0  -3.5354602e-05
18910.0  -7.6428335e-05
18915.0  -1.4107517e-05
18920.0  -3.0780074e-05
18925.0  -5.2178861e-05
18930.0  -5.0193642e-06
18935.0  -1.9096481e-05
18940.0  -7.3683150e-05
18945.0  -1.9477919e-05
18950.0  -4.3425327e-05
18955.0   4.9770796e-05
18960.0   1.0128999e-05
18965.0  -2.6979381e-05
18970.0  -9.5937531e-05
18975.0  -2.8855200e-05
18980.0  -1.3806071e-05
18985.0  -1.1234023e-05
18990.0   1.0429429e-05
18995.0  -3.9052390e-06
19000.0  -1.2240495e-06
19005.0  -7.7534432e-06
19010.0   2.8958506e-06
19015.0   4.3894720e-06
19020.0  -7.0575778e-05
19025.0  -8.6151971e-06
19030.0   1.6954235e-05
19035.0  -2.5849547e-05
19040.0   2.6043985e-06
19045.0   3.7531082e-05
19050.0   1.4050544e-05
19055.0   9.3699835e-06
19060.0  -2.1326870e-05
19065.0  -1.8898397e-05
19070.0   1.1842118e-05
19075.0   3.0759382e-05
19080.0   6.1279749e-05
19085.0   3.4526817e-05
19090.0  -2.1846270e-07
19095.0   4.2974381e-06
19100.0   5.3820503e-05
19105.0   6.4754044e-06
19110.0   4.4067749e-05
19115.0   1.6320492e-05
19120.0   5.8361003e-05
19125.0  -1.2794534e-05
19130.0   1.0234856e-05
19135.0  -1.0310193e-05
19140.0   1.7071184e-05
19145.0   1.9777422e-05
19150.0   3.3427161e-07
19155.0   0.00011855725
19160.0   3.3403675e-05
19165.0   2.9071940e-05
19170.0   1.4315931e-05
19175.0   9.4009666e-05
19180.0   0.00011682796
19185.0   9.8552238e-05
19190.0   0.00016532177
19195.0   2.9572935e-05
19200.0   4.2345524e-05
19205.0  -2.5756474e-06
19210.0   3.8885646e-05
19215.0   0.00012682747
19220.0   2.6327963e-05
19225.0   0.00013759302
19230.0   0.00010705615
19235.0   6.4663235e-05
19240.0   7.1558626e-05
19245.0   6.7253332e-05
19250.0   0.00011162379
19255.0   0.00017571066
19260.0   0.00020061726
19265.0   0.00012141704
19270.0   9.1765085e-05
19275.0   0.00018418552
19280.0   0.00013918341
19285.0   0.00011491368
19290.0   0.00012735609
19295.0   0.00022152200
19300.0   0.00015789034
19305.0   0.00015130270
19310.0   0.00016767886
19315.0   0.00017026262
19320.0   0.00016451299
19325.0   0.00031663362
19330.0   0.00036294874
19335.0   0.00033259321
19340.0   0.00024416765
19345.0   0.00031299714
19350.0   0.00041113708
19355.0   0.00043526269
19360.0   0.00041184440
19365.0   0.00036654331
19370.0   0.00043659527
19375.0   0.00039929636
19380.0   0.00038553216
19385.0   0.00044019222
19390.0   0.00040454011
19395.0   0.00039799917
19400.0   0.00055776641
19405.0   0.00056256484
19410.0   0.00059763063
19415.0   0.00059921052
19420.0   0.00071276590
19425.0    0.0010813013
19430.0   0.00093068846
19435.0   0.00083451807
19440.0   0.00094244808
19445.0   0.00077659614
19450.0   0.00090815246
19455.0    0.0011268064
19460.0    0.0012388605
19465.0    0.0012590867
19470.0    0.0012283280
19475.0    0.0013340066
19480.0    0.0013460258
19485.0    0.0014195281
19490.0    0.0015054566
19495.0    0.0016034704
19500.0    0.0016974315
19505.0    0.0017382553
19510.0    0.0018067916
19515.0    0.0018958344
19520.0    0.0020824981
19525.0    0.0019343936
19530.0    0.0018079776
19535.0    0.0017395286
19540.0    0.0018831614
19545.0    0.0019712821
19550.0    0.0020644508
19555.0    0.0021598673
19560.0    0.0021715485
19565.0    0.0022434597
19570.0    0.0023393907
19575.0    0.0025001204
19580.0    0.0025274119
19585.0    0.0028024703
19590.0    0.0028578055
19595.0    0.0032171685
19600.0    0.0040876243
19605.0    0.0043183419
19610.0    0.0045567432
19615.0    0.0049435905
19620.0    0.0048477387
19625.0    0.0047568190
19630.0    0.0045972592
19635.0    0.0048932132
19640.0    0.0050828552
19645.0    0.0053723937
19650.0    0.0059980333
19655.0    0.0063079387
19660.0    0.0066292566
19665.0    0.0069784844
19670.0    0.0075768274
19675.0    0.0078519398
19680.0    0.0081434840
19685.0    0.0090866113
19690.0    0.0096141875
19695.0     0.010234278
19700.0     0.011111845
19705.0     0.011547717
19710.0     0.011652696
19715.0     0.011941851
19720.0     0.012929443
19725.0     0.014280136
19730.0     0.015398812
19735.0     0.016539047
19740.0     0.016642379
19745.0     0.017641456
19750.0     0.019708825
19755.0     0.020665195
19760.0     0.021753719
19765.0     0.023075976
19770.0     0.024883165
19775.0     0.026291666
19780.0     0.027485325
19785.0     0.029471426
19790.0     0.030816317
19795.0     0.030339339
19800.0     0.030240123
19805.0     0.034211912
19810.0     0.038068972
19815.0     0.041571188
19820.0     0.044036331
19825.0     0.046932216
19830.0     0.048236747
19835.0     0.050836668
19840.0     0.055748062
19845.0     0.058867822
19850.0     0.061016402
19855.0     0.064704733
19860.0     0.069660783
19865.0     0.071305599
19870.0     0.072076821
19875.0     0.080224752
19880.0     0.088387003
19885.0     0.094452791
19890.0      0.10176162
19895.0      0.10354948
19900.0      0.10484331
19905.0      0.11231466
19910.0      0.12368291
19915.0      0.13476579
19920.0      0.14240118
19925.0      0.15104247
19930.0      0.16156563
19935.0      0.16976448
19940.0      0.17470188
19945.0      0.18656612
19950.0      0.19516541
19955.0      0.20093702
19960.0      0.21660395
19965.0      0.21885750
19970.0      0.22034664
19975.0      0.22343115
19980.0      0.21803049
19985.0      0.21737730
19990.0      0.21978006
19995.0      0.21720552
20000.0      0.21426682
20005.0      0.20999441
20010.0      0.20124146
20015.0      0.20019943
20020.0      0.19507877
20025.0      0.18704893
20030.0      0.18974855
20035.0      0.19752653
20040.0      0.20341372
20045.0      0.20772051
20050.0      0.21240379
20055.0      0.21835764
20060.0      0.23504881
20065.0      0.26488857
20070.0      0.29567375
20075.0      0.32394562
20080.0      0.36210983
20085.0      0.41207851
20090.0      0.45429180
20095.0      0.43709290
20100.0      0.39535927
20105.0      0.37219810
20110.0      0.36678162
20115.0      0.37018539
20120.0      0.37369984
20125.0      0.37958920
20130.0      0.38950005
20135.0      0.39991119
20140.0      0.41011997
20145.0      0.42518879
20150.0      0.43715660
20155.0      0.44680122
20160.0      0.45899559
20165.0      0.46966042
20170.0      0.47970818
20175.0      0.49482800
20180.0      0.50861816
20185.0      0.52941811
20190.0      0.54889473
20195.0      0.57391727
20200.0      0.59572044
20205.0      0.61140446
20210.0      0.62538979
20215.0      0.64047874
20220.0      0.66219337
20225.0      0.68268188
20230.0      0.69760071
20235.0      0.71138199
20240.0      0.72220665
20245.0      0.73736465
20250.0      0.74797646
20255.0      0.76069344
20260.0      0.77186646
20265.0      0.78029449
20270.0      0.78900017
20275.0      0.79154266
20280.0      0.79198189
20285.0      0.79397629
20290.0      0.80434532
20295.0      0.81173508
20300.0      0.81565704
20305.0      0.81461472
20310.0      0.81620224
20315.0      0.81729858
20320.0      0.81734001
20325.0      0.81527756
20330.0      0.81112206
20335.0      0.81018021
20340.0      0.81292908
20345.0      0.81341309
20350.0      0.81275017
20355.0      0.81216484
20360.0      0.81118286
20365.0      0.81082649
20370.0      0.81018845
20375.0      0.80901726
20380.0      0.80697594
20385.0      0.80504745
20390.0      0.80354858
20395.0      0.79856598
20400.0      0.79039482
20405.0      0.78798080
20410.0      0.78959015
20415.0      0.78968384
20420.0      0.78934502
20425.0      0.78907356
20430.0      0.78904587
20435.0      0.78929413
20440.0      0.78976967
20445.0      0.79223076
20450.0      0.79555763
20455.0      0.79672676
20460.0      0.79415726
20465.0      0.78635277
20470.0      0.77465263
20475.0      0.76065933
20480.0      0.74513550
20485.0      0.72962929
20490.0      0.71421822
20495.0      0.69794403
20500.0      0.68211731
20505.0      0.66926590
20510.0      0.65799927
20515.0      0.64319901
20520.0      0.63009972
20525.0      0.62066994
20530.0      0.61567657
20535.0      0.60639107
20540.0      0.59519642
20545.0      0.59061268
20550.0      0.59119316
20555.0      0.59444069
20560.0      0.59384102
20565.0      0.59350883
20570.0      0.60093697
20575.0      0.61366714
20580.0      0.62929222
20585.0      0.64680099
20590.0      0.66991920
20595.0      0.70323723
20600.0      0.73912109
20605.0      0.74774315
20610.0      0.71601784
20615.0      0.68589165
20620.0      0.66639519
20625.0      0.65093735
20630.0      0.64120903
20635.0      0.63678688
20640.0      0.63429203
20645.0      0.63291897
20650.0      0.63352062
20655.0      0.63529137
20660.0      0.63670013
20665.0      0.64166443
20670.0      0.64850395
20675.0      0.65432701
20680.0      0.66021500
20685.0      0.66693115
20690.0      0.67310814
20695.0      0.67891418
20700.0      0.68610229
20705.0      0.69231300
20710.0      0.69844643
20715.0      0.70629990
20720.0      0.71307976
20725.0      0.72136391
20730.0      0.72608047
20735.0      0.72896774
20740.0      0.73505913
20745.0      0.74026962
20750.0      0.74493202
20755.0      0.75134789
20760.0      0.75693314
20765.0      0.76295105
20770.0      0.76732399
20775.0      0.76911598
20780.0      0.77459274
20785.0      0.78359764
20790.0      0.79138565
20795.0      0.79521477
20800.0      0.79612091
20805.0      0.79723221
20810.0      0.79626366
20815.0      0.79309074
20820.0      0.79103394
20825.0      0.78928795
20830.0      0.78823006
20835.0      0.78833694
20840.0      0.78798615
20845.0      0.78581696
20850.0      0.78607101
20855.0      0.79063576
20860.0      0.79427582
20865.0      0.79664764
20870.0      0.79939079
20875.0      0.80111458
20880.0      0.80234314
20885.0      0.80334793
20890.0      0.80431572
20895.0      0.80507599
20900.0      0.80527313
20905.0      0.80764183
20910.0      0.81037140
20915.0      0.81183975
20920.0      0.81334686
20925.0      0.81428108
20930.0      0.81542953
20935.0      0.81420746
20940.0      0.81399048
20945.0      0.81882576
20950.0      0.82196739
20955.0      0.82362160
20960.0      0.82464630
20965.0      0.82588058
20970.0      0.82655640
20975.0      0.82745445
20980.0      0.82645164
20985.0      0.82261826
20990.0      0.82328651
20995.0      0.82907272
21000.0      0.83010864
21005.0      0.83008286
21010.0      0.83062119
21015.0      0.82655602
21020.0      0.82772034
21025.0      0.83416374
21030.0      0.83702980
21035.0      0.83795708
21040.0      0.83862404
21045.0      0.83925606
21050.0      0.83970749
21055.0      0.84024467
21060.0      0.84121910
21065.0      0.84151451
21070.0      0.84135277
21075.0      0.84155472
21080.0      0.84170303
21085.0      0.84189827
21090.0      0.84193398
21095.0      0.84131081
21100.0      0.84166267
21105.0      0.84338341
21110.0      0.84451324
21115.0      0.84321831
21120.0      0.84314629
21125.0      0.84629211
21130.0      0.84898926
21135.0      0.85060379
21140.0      0.85159241
21145.0      0.85156677
21150.0      0.85204575
21155.0      0.85180969
21160.0      0.85187912
21165.0      0.85251663
21170.0      0.85327110
21175.0      0.85337097
21180.0      0.85057243
21185.0      0.84678108
21190.0      0.84982262
21195.0      0.85311478
21200.0      0.85366089
21205.0      0.85512871
21210.0      0.85665009
21215.0      0.85759850
21220.0      0.85857338
21225.0      0.85911270
21230.0      0.85959679
21235.0      0.85980873
21240.0      0.85755814
21245.0      0.85543114
21250.0      0.85785660
21255.0      0.86082336
21260.0      0.86161575
21265.0      0.86149971
21270.0      0.85979614
21275.0      0.85432701
21280.0      0.85392822
21285.0      0.85977135
21290.0      0.86173767
21295.0      0.86182220
21300.0      0.86171120
21305.0      0.86164642
21310.0      0.86150314
21315.0      0.86122002
21320.0      0.86135376
21325.0      0.86108383
21330.0      0.86106934
21335.0      0.86111465
21340.0      0.86090309
21345.0      0.86113815
21350.0      0.86071259
21355.0      0.85977692
21360.0      0.85893906
21365.0      0.86037033
21370.0      0.86138535
21375.0      0.86142380
21380.0      0.86146477
21385.0      0.86136978
21390.0      0.86150948
21395.0      0.86173775
21400.0      0.86146255
21405.0      0.86175125
21410.0      0.86177612
21415.0      0.86175713
21420.0      0.86193626
21425.0      0.86109833
21430.0      0.86073761
21435.0      0.86080261
21440.0      0.86112900
21445.0      0.86107483
21450.0      0.86105148
21455.0      0.86066086
21460.0      0.86031532
21465.0      0.85975769
21470.0      0.85925285
21475.0      0.85826675
21480.0      0.85738045
21485.0      0.85637497
21490.0      0.85528374
21495.0      0.85460098
21500.0      0.85426071
21505.0      0.85371841
21510.0      0.85025574
21515.0      0.84644684
21520.0      0.84755951
21525.0      0.84883713
21530.0      0.84852806
21535.0      0.84903931
21540.0      0.84921524
21545.0      0.84799400
21550.0      0.84645103
21555.0      0.84663750
21560.0      0.84812241
21565.0      0.84801163
21570.0      0.84716835
21575.0      0.84689545
21580.0      0.84583313
21585.0      0.84442116
21590.0      0.84179306
21595.0      0.84154175
21600.0      0.84123878
21605.0      0.83870773
21610.0      0.83380905
21615.0      0.83578087
21620.0      0.83944168
21625.0      0.83856377
21630.0      0.83285843
21635.0      0.82693253
21640.0      0.83376137
21645.0      0.83927010
21650.0      0.83996117
21655.0      0.83953133
21660.0      0.83860138
21665.0      0.83491661
21670.0      0.83248596
21675.0      0.83603661
21680.0      0.83687073
21685.0      0.83292061
21690.0      0.83457321
21695.0      0.83909050
21700.0      0.83966019
21705.0      0.83939743
21710.0      0.84043221
21715.0      0.84057449
21720.0      0.83678978
21725.0      0.82879105
21730.0      0.83029839
21735.0      0.83685928
21740.0      0.83671600
21745.0      0.83435081
21750.0      0.83538834
21755.0      0.83663223
21760.0      0.83443352
21765.0      0.83428528
21770.0      0.83641525
21775.0      0.83585518
21780.0      0.82883636
21785.0      0.82192047
21790.0      0.82562805
21795.0      0.82896584
21800.0      0.83219765
21805.0      0.83367943
21810.0      0.83305206
21815.0      0.83260414
21820.0      0.83215599
21825.0      0.82849831
21830.0      0.81990204
21835.0      0.81422142
21840.0      0.81606544
21845.0      0.81428818
21850.0      0.81306084
21855.0      0.82064835
21860.0      0.82530464
21865.0      0.82497879
21870.0      0.82246239
21875.0      0.81972473
21880.0      0.81866173
21885.0      0.81990601
21890.0      0.82018082
21895.0      0.81732399
21900.0      0.81600845
21905.0      0.81602493
21910.0      0.81747871
21915.0      0.81851761
21920.0      0.81798996
21925.0      0.81745544
21930.0      0.81677994
21935.0      0.81634697
21940.0      0.81386902
21945.0      0.80719490
21950.0      0.80338829
21955.0      0.80831757
21960.0      0.81147079
21965.0      0.81035713
21970.0      0.80966362
21975.0      0.80723976
21980.0      0.79883018
21985.0      0.79285576
21990.0      0.78986961
21995.0      0.77548401
22000.0      0.75571297
22005.0      0.75677650
22010.0      0.78077690
22015.0      0.78939301
22020.0      0.78444534
22025.0      0.78382439
22030.0      0.78924080
22035.0      0.79457207
22040.0      0.79429268
22045.0      0.78668922
22050.0      0.78216011
22055.0      0.78945045
22060.0      0.79510353
22065.0      0.79613327
22070.0      0.79564049
22075.0      0.79577034
22080.0      0.79646729
22085.0      0.79699684
22090.0      0.79680977
22095.0      0.79628624
22100.0      0.79555382
22105.0      0.79391190
22110.0      0.79089828
22115.0      0.79135452
22120.0      0.79416481
22125.0      0.79509407
22130.0      0.79483398
22135.0      0.79439857
22140.0      0.79375519
22145.0      0.79237000
22150.0      0.79182228
22155.0      0.78972458
22160.0      0.78174690
22165.0      0.77606407
22170.0      0.78381149
22175.0      0.79087456
22180.0      0.79140045
22185.0      0.79095039
22190.0      0.79177376
22195.0      0.79218765
22200.0      0.79138374
22205.0      0.78861626
22210.0      0.78165085
22215.0      0.77311478
22220.0      0.77841637
22225.0      0.78708923
22230.0      0.78959602
22235.0      0.78876869
22240.0      0.78789452
22245.0      0.78679016
22250.0      0.78637115
22255.0      0.78625137
22260.0      0.78353577
22265.0      0.77664772
22270.0      0.77344009
22275.0      0.77846527
22280.0      0.78407814
22285.0      0.78592133
22290.0      0.78630150
22295.0      0.78704872
22300.0      0.78706886
22305.0      0.78502762
22310.0      0.78025581
22315.0      0.77180321
22320.0      0.76853653
22325.0      0.77031250
22330.0      0.77731956
22335.0      0.77862068
22340.0      0.78046875
22345.0      0.78395279
22350.0      0.78411575
22355.0      0.78305153
22360.0      0.77947586
22365.0      0.77681793
22370.0      0.77846649
22375.0      0.77610382
22380.0      0.77692665
22385.0      0.78419128
22390.0      0.78808617
22395.0      0.78639061
22400.0      0.78200592
22405.0      0.78003601
22410.0      0.78048378
22415.0      0.77972015
22420.0      0.78492142
22425.0      0.78730988
22430.0      0.78665558
22435.0      0.78204781
22440.0      0.77584747
22445.0      0.78320618
22450.0      0.79159538
22455.0      0.78942650
22460.0      0.78115334
22465.0      0.77533249
22470.0      0.76879295
22475.0      0.77521263
22480.0      0.79110054
22485.0      0.79602249
22490.0      0.79373749
22495.0      0.79015518
22500.0      0.78724182
22505.0      0.78594887
22510.0      0.78947952
22515.0      0.79416824
22520.0      0.79294205
22525.0      0.79117371
22530.0      0.78953300
22535.0      0.78252121
22540.0      0.77598671
22545.0      0.78404694
22550.0      0.79159393
22555.0      0.78606895
22560.0      0.78192574
22565.0      0.77695206
22570.0      0.77449890
22575.0      0.78619904
22580.0      0.79188278
22585.0      0.79364029
22590.0      0.79925674
22595.0      0.79963364
22600.0      0.79381676
22605.0      0.78590523
22610.0      0.77260025
22615.0      0.76414543
22620.0      0.76385429
22625.0      0.77976341
22630.0      0.79604446
22635.0      0.79103004
22640.0      0.78668549
22645.0      0.78124527
22650.0      0.78350471
22655.0      0.80166916
22660.0      0.81022087
22665.0      0.81029190
22670.0      0.80620255
22675.0      0.79718781
22680.0      0.77964348
22685.0      0.76055695
22690.0      0.77396103
22695.0      0.79833481
22700.0      0.79569771
22705.0      0.79037003
22710.0      0.80329041
22715.0      0.80445183
22720.0      0.79291580
22725.0      0.78566788
22730.0      0.79996872
22735.0      0.80892342
22740.0      0.81258919
22745.0      0.80609406
22750.0      0.78194992
22755.0      0.74876091
22760.0      0.75504059
22765.0      0.78057968
22770.0      0.78948723
22775.0      0.80067413
22780.0      0.81170326
22785.0      0.81604263
22790.0      0.82102440
22795.0      0.82324272
22800.0      0.81460739
22805.0      0.78947273
22810.0      0.78709267
22815.0      0.80826729
22820.0      0.81074844
22825.0      0.78169304
22830.0      0.75825226
22835.0      0.77590271
22840.0      0.78037880
22845.0      0.79724419
22850.0      0.79799507
22855.0      0.79459000
22860.0      0.81223045
22865.0      0.81636826
22870.0      0.81527107
22875.0      0.81446907
22880.0      0.81421104
22885.0      0.81561272
22890.0      0.80127068
22895.0      0.76703796
22900.0      0.75794762
22905.0      0.78824356
22910.0      0.80723206
22915.0      0.80941238
22920.0      0.79951752
22925.0      0.79164726
22930.0      0.80386673
22935.0      0.80276100
22940.0      0.79688141
22945.0      0.79307884
22950.0      0.78034554
22955.0      0.77491356
22960.0      0.77746101
22965.0      0.79503036
22970.0      0.81045166
22975.0      0.81054184
22980.0      0.78542778
22985.0      0.76175583
22990.0      0.76814049
22995.0      0.77589203
23000.0      0.76822411
23005.0      0.76218010
23010.0      0.77925377
23015.0      0.79773445
23020.0      0.79639023
23025.0      0.79038208
23030.0      0.78643631
23035.0      0.77023308
23040.0      0.75898720
23045.0      0.76069618
23050.0      0.77325424
23055.0      0.78079193
23060.0      0.78271690
23065.0      0.78157867
23070.0      0.77315361
23075.0      0.75838951
23080.0      0.77268196
23085.0      0.78637245
23090.0      0.78331108
23095.0      0.78063446
23100.0      0.78389122
23105.0      0.78807022
23110.0      0.78790390
23115.0      0.78077461
23120.0      0.76877174
23125.0      0.76754822
23130.0      0.77004227
23135.0      0.76506386
23140.0      0.76176231
23145.0      0.75613548
23150.0      0.74694077
23155.0      0.72811218
23160.0      0.68923729
23165.0      0.63338295
23170.0      0.58585541
23175.0      0.59028557
23180.0      0.60879856
23185.0      0.62495708
23190.0      0.63681767
23195.0      0.63974743
23200.0      0.63785156
23205.0      0.62571285
23210.0      0.62092922
23215.0      0.61280132
23220.0      0.59664181
23225.0      0.58645298
23230.0      0.57841034
23235.0      0.56954304
23240.0      0.55906151
23245.0      0.55135597
23250.0      0.53195339
23255.0      0.51248634
23260.0      0.50038540
23265.0      0.49470009
23270.0      0.49067184
23275.0      0.47271759
23280.0      0.45027164
23285.0      0.42398808
23290.0      0.41593506
23295.0      0.41196156
23300.0      0.40244129
23305.0      0.38734554
23310.0      0.36847298
23315.0      0.35179096
23320.0      0.33786736
23325.0      0.32619633
23330.0      0.32212513
23335.0      0.31157202
23340.0      0.29414873
23345.0      0.28184338
23350.0      0.27136997
23355.0      0.26499628
23360.0      0.25044310
23365.0      0.24073013
23370.0      0.23348724
23375.0      0.22352386
23380.0      0.20759565
23385.0      0.19802338
23390.0      0.19081751
23395.0      0.17691477
23400.0      0.16464422
23405.0      0.15874857
23410.0      0.15600254
23415.0      0.14928921
23420.0      0.14742098
23425.0      0.14346080
23430.0      0.13356797
23435.0      0.12651188
23440.0      0.12153597
23445.0      0.11646634
23450.0      0.10886877
23455.0      0.10401172
23460.0     0.099712305
23465.0     0.093778057
23470.0     0.089294653
23475.0     0.084354191
23480.0     0.077966733
23485.0     0.076659627
23490.0     0.074527206
23495.0     0.070748301
23500.0     0.066174951
23505.0     0.061226921
23510.0     0.058726234
23515.0     0.056512570
23520.0     0.054378119
23525.0     0.052000036
23530.0     0.049580951
23535.0     0.046951251
23540.0     0.046560898
23545.0     0.045524192
23550.0     0.042299643
23555.0     0.038766601
23560.0     0.035630856
23565.0     0.035669787
23570.0     0.035453243
23575.0     0.033632085
23580.0     0.030980265
23585.0     0.027095189
23590.0     0.026708658
23595.0     0.027754664
23600.0     0.027259130
23605.0     0.025757389
23610.0     0.024570260
23615.0     0.022650857
23620.0     0.021624198
23625.0     0.021300924
23630.0     0.020652995
23635.0     0.019288433
23640.0     0.017866967
23645.0     0.017175018
23650.0     0.016766387
23655.0     0.016039871
23660.0     0.015156313
23665.0     0.014505891
23670.0     0.013351490
23675.0     0.012398551
23680.0     0.012216572
23685.0     0.012005855
23690.0     0.011460717
23695.0     0.010722734
23700.0    0.0092649388
23705.0    0.0075653487
23710.0    0.0072681695
23715.0    0.0073393011
23720.0    0.0076598853
23725.0    0.0076665604
23730.0    0.0077562898
23735.0    0.0077028561
23740.0    0.0072808665
23745.0    0.0072346914
23750.0    0.0069505113
23755.0    0.0064276040
23760.0    0.0062106222
23765.0    0.0056560218
23770.0    0.0053532934
23775.0    0.0052978879
23780.0    0.0050326759
23785.0    0.0048312902
23790.0    0.0049061373
23795.0    0.0046094480
23800.0    0.0043892261
23805.0    0.0043096024
23810.0    0.0041842046
23815.0    0.0040637857
23820.0    0.0040222293
23825.0    0.0036856088
23830.0    0.0033223501
23835.0    0.0031146714
23840.0    0.0029181188
23845.0    0.0030543986
23850.0    0.0030019790
23855.0    0.0028662258
23860.0    0.0026606551
23865.0    0.0025989187
23870.0    0.0025527883
23875.0    0.0024214473
23880.0    0.0022956942
23885.0    0.0022860830
23890.0    0.0023899791
23895.0    0.0021493834
23900.0    0.0020278651
23905.0    0.0019191922
23910.0    0.0018137076
23915.0    0.0016605771
23920.0    0.0017311141
23925.0    0.0017636015
23930.0    0.0016023161
23935.0    0.0016285777
23940.0    0.0015242209
23945.0    0.0014093637
23950.0    0.0015105048
23955.0    0.0013938978
23960.0    0.0012911813
23965.0    0.0011779153
23970.0    0.0011544133
23975.0    0.0012216541
23980.0    0.0012113275
23985.0    0.0010987916
23990.0    0.0010189263
23995.0    0.0011159987
24000.0   0.00098751381
24005.0    0.0010329446
24010.0   0.00094570346
24015.0    0.0010116474
24020.0   0.00088866778
24025.0    0.0010200058
24030.0   0.00084756628
24035.0   0.00080392733
24040.0   0.00077223003
24045.0   0.00067004211
24050.0   0.00067080058
24055.0   0.00068514355
24060.0   0.00065343007
24065.0   0.00064618230
24070.0   0.00052806355
24075.0   0.00060832795
24080.0   0.00056582656
24085.0   0.00050446436
24090.0   0.00040739890
24095.0   0.00072885580
24100.0   0.00049843647
