       3000.0000       0.0000000
       3010.0000       0.0000000
       3020.0000       0.0000000
       3030.0000       0.0000000
       3040.0000       0.0000000
       3050.0000       0.0000000
       3060.0000       0.0000000
       3070.0000       0.0000000
       3080.0000       0.0000000
       3090.0000       0.0000000
       3100.0000       0.0000000
       3110.0000       0.0000000
       3120.0000       0.0000000
       3130.0000       0.0000000
       3140.0000       0.0000000
       3150.0000       0.0000000
       3160.0000       0.0000000
       3170.0000       0.0000000
       3180.0000       0.0000000
       3190.0000       0.0000000
       3200.0000       0.0000000
       3210.0000       0.0000000
       3220.0000       0.0000000
       3230.0000       0.0000000
       3240.0000       0.0000000
       3250.0000       0.0000000
       3260.0000       0.0000000
       3270.0000       0.0000000
       3280.0000       0.0000000
       3290.0000       0.0000000
       3300.0000       0.0000000
       3310.0000       0.0000000
       3320.0000       0.0000000
       3330.0000       0.0000000
       3340.0000   0.00032000000
       3350.0000   0.00031000000
       3360.0000   0.00030000000
       3370.0000   0.00028000000
       3380.0000   0.00027000000
       3390.0000   0.00026000000
       3400.0000   0.00024000000
       3410.0000   0.00023000000
       3420.0000   0.00020000000
       3430.0000   0.00020000000
       3440.0000   0.00020000000
       3450.0000   0.00020000000
       3460.0000   0.00020000000
       3470.0000   0.00020000000
       3480.0000   0.00020000000
       3490.0000   0.00019000000
       3500.0000   0.00019000000
       3510.0000   0.00019000000
       3520.0000   0.00019000000
       3530.0000   0.00019000000
       3540.0000   0.00018000000
       3550.0000   0.00018000000
       3560.0000   0.00018000000
       3570.0000   0.00017000000
       3580.0000   0.00017000000
       3590.0000   0.00016000000
       3600.0000   0.00016000000
       3610.0000   0.00016000000
       3620.0000   0.00015000000
       3630.0000   0.00015000000
       3640.0000   0.00015000000
       3650.0000   0.00015000000
       3660.0000   0.00015000000
       3670.0000   0.00014000000
       3680.0000   0.00014000000
       3690.0000   0.00014000000
       3700.0000   0.00014000000
       3710.0000   0.00014000000
       3720.0000   0.00014000000
       3730.0000   0.00014000000
       3740.0000   0.00014000000
       3750.0000   0.00014000000
       3760.0000   0.00014000000
       3770.0000   0.00014000000
       3780.0000   0.00014000000
       3790.0000   0.00014000000
       3800.0000   0.00014000000
       3810.0000   0.00014000000
       3820.0000   0.00016000000
       3830.0000   0.00018000000
       3840.0000   0.00020000000
       3850.0000   0.00022000000
       3860.0000   0.00024000000
       3870.0000   0.00026000000
       3880.0000   0.00028000000
       3890.0000   0.00030000000
       3900.0000   0.00032000000
       3910.0000   0.00034000000
       3920.0000   0.00033000000
       3930.0000   0.00033000000
       3940.0000   0.00033000000
       3950.0000   0.00033000000
       3960.0000   0.00033000000
       3970.0000   0.00033000000
       3980.0000   0.00033000000
       3990.0000   0.00033000000
       4000.0000   0.00032000000
       4010.0000   0.00034000000
       4020.0000   0.00035000000
       4030.0000   0.00035000000
       4040.0000   0.00035000000
       4050.0000   0.00035000000
       4060.0000   0.00036000000
       4070.0000   0.00036000000
       4080.0000   0.00036000000
       4090.0000   0.00036000000
       4100.0000   0.00037000000
       4110.0000   0.00037000000
       4120.0000   0.00038000000
       4130.0000   0.00039000000
       4140.0000   0.00040000000
       4150.0000   0.00040000000
       4160.0000   0.00041000000
       4170.0000   0.00042000000
       4180.0000   0.00043000000
       4190.0000   0.00044000000
       4200.0000   0.00045000000
       4210.0000   0.00046000000
       4220.0000   0.00044000000
       4230.0000   0.00043000000
       4240.0000   0.00042000000
       4250.0000   0.00041000000
       4260.0000   0.00040000000
       4270.0000   0.00039000000
       4280.0000   0.00038000000
       4290.0000   0.00037000000
       4300.0000   0.00036000000
       4310.0000   0.00044000000
       4320.0000   0.00044000000
       4330.0000   0.00044000000
       4340.0000   0.00044000000
       4350.0000   0.00043000000
       4360.0000   0.00043000000
       4370.0000   0.00043000000
       4380.0000   0.00043000000
       4390.0000   0.00043000000
       4400.0000   0.00042000000
       4410.0000   0.00039000000
       4420.0000   0.00037000000
       4430.0000   0.00035000000
       4440.0000   0.00033000000
       4450.0000   0.00031000000
       4460.0000   0.00030000000
       4470.0000   0.00028000000
       4480.0000   0.00026000000
       4490.0000   0.00024000000
       4500.0000   0.00022000000
       4510.0000   0.00023000000
       4520.0000   0.00022000000
       4530.0000   0.00022000000
       4540.0000   0.00021000000
       4550.0000   0.00020000000
       4560.0000   0.00020000000
       4570.0000   0.00019000000
       4580.0000   0.00018000000
       4590.0000   0.00018000000
       4600.0000   0.00017000000
       4610.0000   0.00016000000
       4620.0000   0.00016000000
       4630.0000   0.00015000000
       4640.0000   0.00015000000
       4650.0000   0.00015000000
       4660.0000   0.00014000000
       4670.0000   0.00014000000
       4680.0000   0.00013000000
       4690.0000   0.00013000000
       4700.0000   0.00012000000
       4710.0000   0.00013000000
       4720.0000   0.00013000000
       4730.0000   0.00013000000
       4740.0000   0.00013000000
       4750.0000   0.00013000000
       4760.0000   0.00013000000
       4770.0000   0.00013000000
       4780.0000   0.00013000000
       4790.0000   0.00013000000
       4800.0000   0.00013000000
       4810.0000   0.00013000000
       4820.0000   0.00013000000
       4830.0000   0.00013000000
       4840.0000   0.00013000000
       4850.0000   0.00013000000
       4860.0000   0.00013000000
       4870.0000   0.00012000000
       4880.0000   0.00012000000
       4890.0000   0.00012000000
       4900.0000   0.00012000000
       4910.0000   0.00012000000
       4920.0000   0.00012000000
       4930.0000   0.00012000000
       4940.0000   0.00012000000
       4950.0000   0.00012000000
       4960.0000   0.00012000000
       4970.0000   0.00012000000
       4980.0000   0.00012000000
       4990.0000   0.00012000000
       5000.0000   0.00012000000
       5010.0000   0.00012000000
       5020.0000   0.00012000000
       5030.0000   0.00013000000
       5040.0000   0.00014000000
       5050.0000   0.00014000000
       5060.0000   0.00015000000
       5070.0000   0.00015000000
       5080.0000   0.00015000000
       5090.0000   0.00016000000
       5100.0000   0.00017000000
       5110.0000   0.00017000000
       5120.0000   0.00018000000
       5130.0000   0.00019000000
       5140.0000   0.00020000000
       5150.0000   0.00019000000
       5160.0000   0.00018000000
       5170.0000   0.00019000000
       5180.0000   0.00021000000
       5190.0000   0.00022000000
       5200.0000   0.00023000000
       5210.0000   0.00028000000
       5220.0000   0.00027000000
       5230.0000   0.00028000000
       5240.0000   0.00030000000
       5250.0000   0.00033000000
       5260.0000   0.00036000000
       5270.0000   0.00040000000
       5280.0000   0.00043000000
       5290.0000   0.00042000000
       5300.0000   0.00042000000
       5310.0000   0.00050000000
       5320.0000   0.00058000000
       5330.0000   0.00064000000
       5340.0000   0.00071000000
       5350.0000   0.00079000000
       5360.0000   0.00087000000
       5370.0000   0.00096000000
       5380.0000    0.0010400000
       5390.0000    0.0011500000
       5400.0000    0.0013400000
       5410.0000    0.0014600000
       5420.0000    0.0016700000
       5430.0000    0.0018900000
       5440.0000    0.0021200000
       5450.0000    0.0024100000
       5460.0000    0.0027000000
       5470.0000    0.0030300000
       5480.0000    0.0033500000
       5490.0000    0.0038800000
       5500.0000    0.0044200000
       5510.0000    0.0057300000
       5520.0000    0.0053100000
       5530.0000    0.0059600000
       5540.0000    0.0066100000
       5550.0000    0.0074900000
       5560.0000    0.0083600000
       5570.0000    0.0095500000
       5580.0000     0.010750000
       5590.0000     0.019310000
       5600.0000     0.027840000
       5610.0000     0.025760000
       5620.0000     0.023680000
       5630.0000     0.040390000
       5640.0000     0.057100000
       5650.0000      0.11081000
       5660.0000      0.16462000
       5670.0000      0.24803000
       5680.0000      0.33040000
       5690.0000      0.36801000
       5700.0000      0.40715000
       5710.0000      0.41438000
       5720.0000      0.41838000
       5730.0000      0.42087000
       5740.0000      0.42271000
       5750.0000      0.42406000
       5760.0000      0.42675000
       5770.0000      0.42892000
       5780.0000      0.43111000
       5790.0000      0.43298000
       5800.0000      0.43554000
       5810.0000      0.43914000
       5820.0000      0.44276000
       5830.0000      0.44427000
       5840.0000      0.44578000
       5850.0000      0.44594000
       5860.0000      0.44610000
       5870.0000      0.44421000
       5880.0000      0.44097000
       5890.0000      0.43767000
       5900.0000      0.43845000
       5910.0000      0.44640000
       5920.0000      0.44330000
       5930.0000      0.44782000
       5940.0000      0.44822000
       5950.0000      0.44593000
       5960.0000      0.44915000
       5970.0000      0.44819000
       5980.0000      0.44998000
       5990.0000      0.45187000
       6000.0000      0.45375000
       6010.0000      0.45575000
       6020.0000      0.45713000
       6030.0000      0.45857000
       6040.0000      0.46001000
       6050.0000      0.46095000
       6060.0000      0.46120000
       6070.0000      0.46147000
       6080.0000      0.46175000
       6090.0000      0.46240000
       6100.0000      0.46376000
       6110.0000      0.46833000
       6120.0000      0.46706000
       6130.0000      0.46941000
       6140.0000      0.47176000
       6150.0000      0.47234000
       6160.0000      0.47362000
       6170.0000      0.47440000
       6180.0000      0.47590000
       6190.0000      0.47645000
       6200.0000      0.47727000
       6210.0000      0.47717000
       6220.0000      0.47707000
       6230.0000      0.47832000
       6240.0000      0.47884000
       6250.0000      0.47906000
       6260.0000      0.47927000
       6270.0000      0.47849000
       6280.0000      0.46404000
       6290.0000      0.47479000
       6300.0000      0.47735000
       6310.0000      0.48029000
       6320.0000      0.48177000
       6330.0000      0.48462000
       6340.0000      0.48602000
       6350.0000      0.48784000
       6360.0000      0.49039000
       6370.0000      0.49211000
       6380.0000      0.49457000
       6390.0000      0.49550000
       6400.0000      0.49717000
       6410.0000      0.49855000
       6420.0000      0.49993000
       6430.0000      0.49957000
       6440.0000      0.49994000
       6450.0000      0.49977000
       6460.0000      0.49741000
       6470.0000      0.49647000
       6480.0000      0.49552000
       6490.0000      0.49797000
       6500.0000      0.50188000
       6510.0000      0.50606000
       6520.0000      0.49922000
       6530.0000      0.50393000
       6540.0000      0.50499000
       6550.0000      0.50546000
       6560.0000      0.50741000
       6570.0000      0.50866000
       6580.0000      0.51065000
       6590.0000      0.51207000
       6600.0000      0.51276000
       6610.0000      0.51569000
       6620.0000      0.51481000
       6630.0000      0.51336000
       6640.0000      0.51265000
       6650.0000      0.51296000
       6660.0000      0.51401000
       6670.0000      0.51589000
       6680.0000      0.51703000
       6690.0000      0.52045000
       6700.0000      0.52127000
       6710.0000      0.52118000
       6720.0000      0.52184000
       6730.0000      0.52159000
       6740.0000      0.52208000
       6750.0000      0.52151000
       6760.0000      0.52169000
       6770.0000      0.52164000
       6780.0000      0.52232000
       6790.0000      0.52258000
       6800.0000      0.52358000
       6810.0000      0.52544000
       6820.0000      0.52563000
       6830.0000      0.52599000
       6840.0000      0.52561000
       6850.0000      0.52545000
       6860.0000      0.52380000
       6870.0000      0.45398000
       6880.0000      0.47555000
       6890.0000      0.47003000
       6900.0000      0.48065000
       6910.0000      0.50044000
       6920.0000      0.50573000
       6930.0000      0.50839000
       6940.0000      0.50735000
       6950.0000      0.51148000
       6960.0000      0.51339000
       6970.0000      0.52101000
       6980.0000      0.51902000
       6990.0000      0.51422000
       7000.0000      0.51624000
       7010.0000      0.51714000
       7020.0000      0.52102000
       7030.0000      0.52574000
       7040.0000      0.52522000
       7050.0000      0.51969000
       7060.0000      0.51788000
       7070.0000      0.51369000
       7080.0000      0.50875000
       7090.0000      0.47560000
       7100.0000      0.46584000
       7110.0000      0.47325000
       7120.0000      0.48072000
       7130.0000      0.44097000
       7140.0000      0.40200000
       7150.0000      0.31305000
       7160.0000      0.22429000
       7170.0000      0.14939000
       7180.0000     0.079760000
       7190.0000     0.067630000
       7200.0000     0.055520000
       7210.0000     0.093340000
       7220.0000    0.0078100000
       7230.0000    0.0064500000
       7240.0000    0.0050400000
       7250.0000    0.0034500000
       7260.0000    0.0018500000
       7270.0000    0.0013900000
       7280.0000   0.00091000000
       7290.0000   0.00085000000
       7300.0000   0.00078000000
       7310.0000   0.00095000000
       7320.0000   0.00078000000
       7330.0000   0.00056000000
       7340.0000   0.00033000000
       7350.0000   0.00031000000
       7360.0000   0.00029000000
       7370.0000   0.00029000000
       7380.0000   0.00029000000
       7390.0000   0.00034000000
       7400.0000   0.00039000000
       7410.0000   0.00047000000
       7420.0000   0.00026000000
       7430.0000   0.00026000000
       7440.0000   0.00025000000
       7450.0000   0.00026000000
       7460.0000   0.00026000000
       7470.0000   0.00026000000
       7480.0000   0.00025000000
       7490.0000   0.00036000000
       7500.0000   0.00030000000
       7510.0000   0.00036000000
       7520.0000   0.00036000000
       7530.0000   0.00036000000
       7540.0000   0.00036000000
       7550.0000   0.00035000000
       7560.0000   0.00035000000
       7570.0000   0.00035000000
       7580.0000   0.00035000000
       7590.0000   0.00032000000
       7600.0000   0.00015000000
       7610.0000   0.00013000000
       7620.0000   0.00023000000
       7630.0000   0.00020000000
       7640.0000   0.00021000000
       7650.0000   0.00025000000
       7660.0000   0.00030000000
       7670.0000   0.00033000000
       7680.0000   0.00034000000
       7690.0000   0.00035000000
       7700.0000   0.00035000000
       7710.0000   0.00035000000
       7720.0000   0.00035000000
       7730.0000   0.00036000000
       7740.0000   0.00036000000
       7750.0000   0.00036000000
       7760.0000   0.00037000000
       7770.0000   0.00037000000
       7780.0000   0.00038000000
       7790.0000   0.00038000000
       7800.0000   0.00038000000
       7810.0000   0.00038000000
       7820.0000   0.00038000000
       7830.0000   0.00038000000
       7840.0000   0.00038000000
       7850.0000   0.00038000000
       7860.0000   0.00038000000
       7870.0000   0.00038000000
       7880.0000   0.00038000000
       7890.0000   0.00038000000
       7900.0000   0.00038000000
       7910.0000   0.00038000000
       7920.0000   0.00038000000
       7930.0000   0.00037000000
       7940.0000   0.00037000000
       7950.0000   0.00037000000
       7960.0000   0.00036000000
       7970.0000   0.00036000000
       7980.0000   0.00038000000
       7990.0000   0.00039000000
       8000.0000   0.00038000000
       8010.0000   0.00038000000
       8020.0000   0.00037000000
       8030.0000   0.00037000000
       8040.0000   0.00036000000
       8050.0000   0.00036000000
       8060.0000   0.00036000000
       8070.0000   0.00037000000
       8080.0000   0.00037000000
       8090.0000   0.00037000000
       8100.0000   0.00037000000
       8110.0000   0.00038000000
       8120.0000   0.00038000000
       8130.0000   0.00038000000
       8140.0000   0.00038000000
       8150.0000   0.00038000000
       8160.0000   0.00037000000
       8170.0000   0.00038000000
       8180.0000   0.00038000000
       8190.0000   0.00039000000
       8200.0000   0.00040000000
       8210.0000   0.00041000000
       8220.0000   0.00040000000
       8230.0000   0.00039000000
       8240.0000   0.00041000000
       8250.0000   0.00042000000
       8260.0000   0.00042000000
       8270.0000   0.00042000000
       8280.0000   0.00042000000
       8290.0000   0.00043000000
       8300.0000   0.00043000000
       8310.0000   0.00044000000
       8320.0000   0.00044000000
       8330.0000   0.00044000000
       8340.0000   0.00044000000
       8350.0000   0.00044000000
       8360.0000   0.00044000000
       8370.0000   0.00044000000
       8380.0000   0.00045000000
       8390.0000   0.00045000000
       8400.0000   0.00045000000
       8410.0000   0.00044000000
       8420.0000   0.00044000000
       8430.0000   0.00045000000
       8440.0000   0.00046000000
       8450.0000   0.00047000000
       8460.0000   0.00048000000
       8470.0000   0.00048000000
       8480.0000   0.00049000000
       8490.0000   0.00050000000
       8500.0000   0.00051000000
       8510.0000   0.00050000000
       8520.0000   0.00050000000
       8530.0000   0.00051000000
       8540.0000   0.00051000000
       8550.0000   0.00051000000
       8560.0000   0.00052000000
       8570.0000   0.00052000000
       8580.0000   0.00053000000
       8590.0000   0.00053000000
       8600.0000   0.00054000000
       8610.0000   0.00054000000
       8620.0000   0.00054000000
       8630.0000   0.00055000000
       8640.0000   0.00055000000
       8650.0000   0.00056000000
       8660.0000   0.00057000000
       8670.0000   0.00057000000
       8680.0000   0.00058000000
       8690.0000   0.00058000000
       8700.0000   0.00059000000
       8710.0000   0.00060000000
       8720.0000   0.00061000000
       8730.0000   0.00061000000
       8740.0000   0.00062000000
       8750.0000   0.00063000000
       8760.0000   0.00064000000
       8770.0000   0.00065000000
       8780.0000   0.00066000000
       8790.0000   0.00067000000
       8800.0000   0.00066000000
       8810.0000   0.00065000000
       8820.0000   0.00064000000
       8830.0000   0.00064000000
       8840.0000   0.00063000000
       8850.0000   0.00062000000
       8860.0000   0.00061000000
       8870.0000   0.00060000000
       8880.0000   0.00060000000
       8890.0000   0.00059000000
       8900.0000   0.00059000000
       8910.0000   0.00059000000
       8920.0000   0.00058000000
       8930.0000   0.00057000000
       8940.0000   0.00057000000
       8950.0000   0.00055000000
       8960.0000   0.00054000000
       8970.0000   0.00053000000
       8980.0000   0.00052000000
       8990.0000   0.00051000000
       9000.0000   0.00051000000
       9010.0000   0.00050000000
       9020.0000   0.00048000000
       9030.0000   0.00050000000
       9040.0000   0.00052000000
       9050.0000   0.00052000000
       9060.0000   0.00052000000
       9070.0000   0.00051000000
       9080.0000   0.00051000000
       9090.0000   0.00052000000
       9100.0000   0.00052000000
       9110.0000   0.00053000000
       9120.0000   0.00054000000
       9130.0000   0.00053000000
       9140.0000   0.00054000000
       9150.0000   0.00056000000
       9160.0000   0.00056000000
       9170.0000   0.00057000000
       9180.0000   0.00058000000
       9190.0000   0.00060000000
       9200.0000   0.00062000000
       9210.0000   0.00062000000
       9220.0000   0.00062000000
       9230.0000   0.00061000000
       9240.0000   0.00059000000
       9250.0000   0.00059000000
       9260.0000   0.00058000000
       9270.0000   0.00057000000
       9280.0000   0.00055000000
       9290.0000   0.00053000000
       9300.0000   0.00050000000
       9310.0000   0.00048000000
       9320.0000   0.00046000000
       9330.0000   0.00044000000
       9340.0000   0.00042000000
       9350.0000   0.00042000000
       9360.0000   0.00044000000
       9370.0000   0.00044000000
       9380.0000   0.00048000000
       9390.0000   0.00058000000
       9400.0000   0.00056000000
       9410.0000   0.00054000000
       9420.0000   0.00051000000
       9430.0000   0.00046000000
       9440.0000   0.00045000000
       9450.0000   0.00046000000
       9460.0000   0.00046000000
       9470.0000   0.00046000000
       9480.0000   0.00047000000
       9490.0000   0.00046000000
       9500.0000   0.00045000000
       9510.0000   0.00046000000
       9520.0000   0.00043000000
       9530.0000   0.00044000000
       9540.0000   0.00046000000
       9550.0000   0.00045000000
       9560.0000   0.00045000000
       9570.0000   0.00049000000
       9580.0000   0.00049000000
       9590.0000   0.00049000000
       9600.0000   0.00050000000
       9610.0000   0.00049000000
       9620.0000   0.00049000000
       9630.0000   0.00051000000
       9640.0000   0.00051000000
       9650.0000   0.00050000000
       9660.0000   0.00050000000
       9670.0000   0.00051000000
       9680.0000   0.00053000000
       9690.0000   0.00054000000
       9700.0000   0.00054000000
       9710.0000   0.00053000000
       9720.0000   0.00053000000
       9730.0000   0.00052000000
       9740.0000   0.00051000000
       9750.0000   0.00051000000
       9760.0000   0.00041000000
       9770.0000   0.00031000000
       9780.0000   0.00021000000
       9790.0000   0.00010000000
       9800.0000       0.0000000
       9810.0000   0.00017000000
       9820.0000   0.00034000000
       9830.0000   0.00051000000
       9840.0000   0.00051000000
       9850.0000   0.00051000000
       9860.0000   0.00051000000
       9870.0000   0.00050000000
       9880.0000   0.00050000000
       9890.0000   0.00049000000
       9900.0000   0.00049000000
       9910.0000   0.00048000000
       9920.0000   0.00048000000
       9930.0000   0.00047000000
       9940.0000   0.00047000000
       9950.0000   0.00046000000
       9960.0000   0.00046000000
       9970.0000   0.00045000000
       9980.0000   0.00045000000
       9990.0000   0.00044000000
       10000.000   0.00043000000
       10010.000   0.00042000000
       10020.000   0.00041000000
       10030.000   0.00041000000
       10040.000   0.00040000000
       10050.000   0.00039000000
       10060.000   0.00038000000
       10070.000   0.00038000000
       10080.000   0.00037000000
       10090.000   0.00036000000
       10100.000   0.00035000000
       10110.000   0.00034000000
       10120.000   0.00033000000
       10130.000   0.00033000000
       10140.000   0.00032000000
       10150.000   0.00032000000
       10160.000   0.00032000000
       10170.000   0.00031000000
       10180.000   0.00031000000
       10190.000   0.00030000000
       10200.000   0.00030000000
       10210.000   0.00027000000
       10220.000   0.00027000000
       10230.000   0.00026000000
       10240.000   0.00026000000
       10250.000   0.00026000000
       10260.000   0.00026000000
       10270.000   0.00026000000
       10280.000   0.00026000000
       10290.000   0.00025000000
       10300.000   0.00023000000
       10310.000   0.00021000000
       10320.000   0.00020000000
       10330.000   0.00019000000
       10340.000   0.00018000000
       10350.000   0.00017000000
       10360.000   0.00016000000
       10370.000   0.00015000000
       10380.000   0.00014000000
       10390.000   0.00013000000
       10400.000   0.00014000000
       10410.000   0.00014000000
       10420.000   0.00013000000
       10430.000   0.00013000000
       10440.000   0.00012000000
       10450.000   0.00012000000
       10460.000   0.00011000000
       10470.000   0.00011000000
       10480.000   0.00011000000
       10490.000   0.00010000000
       10500.000   0.00010000000
       10510.000   0.00010000000
       10520.000   0.00010000000
       10530.000   9.0000000e-05
       10540.000   9.0000000e-05
       10550.000   9.0000000e-05
       10560.000   9.0000000e-05
       10570.000   9.0000000e-05
       10580.000   8.0000000e-05
       10590.000   8.0000000e-05
       10600.000   8.0000000e-05
       10610.000   8.0000000e-05
       10620.000   8.0000000e-05
       10630.000   8.0000000e-05
       10640.000   7.0000000e-05
       10650.000   7.0000000e-05
       10660.000   7.0000000e-05
       10670.000   7.0000000e-05
       10680.000   7.0000000e-05
       10690.000   6.0000000e-05
       10700.000   6.0000000e-05
       10710.000   6.0000000e-05
       10720.000   6.0000000e-05
       10730.000   6.0000000e-05
       10740.000   6.0000000e-05
       10750.000   6.0000000e-05
       10760.000   6.0000000e-05
       10770.000   5.0000000e-05
       10780.000   5.0000000e-05
       10790.000   5.0000000e-05
       10800.000   5.0000000e-05
       10810.000   5.0000000e-05
       10820.000   5.0000000e-05
       10830.000   5.0000000e-05
       10840.000   5.0000000e-05
       10850.000   5.0000000e-05
       10860.000   5.0000000e-05
       10870.000   5.0000000e-05
       10880.000   5.0000000e-05
       10890.000   4.0000000e-05
       10900.000   4.0000000e-05
       10910.000   4.0000000e-05
       10920.000   4.0000000e-05
       10930.000   4.0000000e-05
       10940.000   4.0000000e-05
       10950.000   4.0000000e-05
       10960.000   4.0000000e-05
       10970.000   4.0000000e-05
       10980.000   3.0000000e-05
       10990.000       0.0000000
       11000.000       0.0000000
