       3000.0000       0.0000000
       3010.0000       0.0000000
       3020.0000       0.0000000
       3030.0000       0.0000000
       3040.0000       0.0000000
       3050.0000       0.0000000
       3060.0000       0.0000000
       3070.0000       0.0000000
       3080.0000       0.0000000
       3090.0000       0.0000000
       3100.0000       0.0000000
       3110.0000       0.0000000
       3120.0000       0.0000000
       3130.0000       0.0000000
       3140.0000       0.0000000
       3150.0000       0.0000000
       3160.0000       0.0000000
       3170.0000       0.0000000
       3180.0000       0.0000000
       3190.0000       0.0000000
       3200.0000       0.0000000
       3210.0000       0.0000000
       3220.0000       0.0000000
       3230.0000       0.0000000
       3240.0000       0.0000000
       3250.0000       0.0000000
       3260.0000       0.0000000
       3270.0000       0.0000000
       3280.0000       0.0000000
       3290.0000       0.0000000
       3300.0000       0.0000000
       3310.0000       0.0000000
       3320.0000       0.0000000
       3330.0000       0.0000000
       3340.0000       0.0000000
       3350.0000       0.0000000
       3360.0000       0.0000000
       3370.0000       0.0000000
       3380.0000       0.0000000
       3390.0000       0.0000000
       3400.0000       0.0000000
       3410.0000       0.0000000
       3420.0000   0.00025000000
       3430.0000   0.00024000000
       3440.0000   0.00024000000
       3450.0000   0.00023000000
       3460.0000   0.00023000000
       3470.0000   0.00022000000
       3480.0000   0.00021000000
       3490.0000   0.00021000000
       3500.0000   0.00020000000
       3510.0000   0.00020000000
       3520.0000   0.00019000000
       3530.0000   0.00019000000
       3540.0000   0.00019000000
       3550.0000   0.00018000000
       3560.0000   0.00018000000
       3570.0000   0.00018000000
       3580.0000   0.00018000000
       3590.0000   0.00017000000
       3600.0000   0.00017000000
       3610.0000   0.00017000000
       3620.0000   0.00017000000
       3630.0000   0.00017000000
       3640.0000   0.00017000000
       3650.0000   0.00017000000
       3660.0000   0.00017000000
       3670.0000   0.00017000000
       3680.0000   0.00017000000
       3690.0000   0.00017000000
       3700.0000   0.00018000000
       3710.0000   0.00018000000
       3720.0000   0.00017000000
       3730.0000   0.00017000000
       3740.0000   0.00017000000
       3750.0000   0.00018000000
       3760.0000   0.00019000000
       3770.0000   0.00019000000
       3780.0000   0.00021000000
       3790.0000   0.00024000000
       3800.0000   0.00026000000
       3810.0000   0.00029000000
       3820.0000   0.00033000000
       3830.0000   0.00039000000
       3840.0000   0.00044000000
       3850.0000   0.00052000000
       3860.0000   0.00063000000
       3870.0000   0.00073000000
       3880.0000   0.00090000000
       3890.0000    0.0010700000
       3900.0000    0.0013400000
       3910.0000    0.0018000000
       3920.0000    0.0024100000
       3930.0000    0.0031300000
       3940.0000    0.0038500000
       3950.0000     0.012420000
       3960.0000     0.044170000
       3970.0000     0.085700000
       3980.0000      0.11965000
       3990.0000      0.12397000
       4000.0000      0.13403000
       4010.0000      0.13963000
       4020.0000      0.14745000
       4030.0000      0.14977000
       4040.0000      0.15125000
       4050.0000      0.15274000
       4060.0000      0.15597000
       4070.0000      0.15923000
       4080.0000      0.16179000
       4090.0000      0.16405000
       4100.0000      0.16628000
       4110.0000      0.16802000
       4120.0000      0.17082000
       4130.0000      0.17365000
       4140.0000      0.17575000
       4150.0000      0.17819000
       4160.0000      0.18354000
       4170.0000      0.18631000
       4180.0000      0.18824000
       4190.0000      0.19017000
       4200.0000      0.19075000
       4210.0000      0.19168000
       4220.0000      0.19447000
       4230.0000      0.19692000
       4240.0000      0.20192000
       4250.0000      0.20380000
       4260.0000      0.20665000
       4270.0000      0.20913000
       4280.0000      0.21235000
       4290.0000      0.21520000
       4300.0000      0.21956000
       4310.0000      0.22112000
       4320.0000      0.22403000
       4330.0000      0.22447000
       4340.0000      0.22781000
       4350.0000      0.23068000
       4360.0000      0.23272000
       4370.0000      0.23325000
       4380.0000      0.23886000
       4390.0000      0.24306000
       4400.0000      0.24334000
       4410.0000      0.24795000
       4420.0000      0.24901000
       4430.0000      0.25135000
       4440.0000      0.25264000
       4450.0000      0.25457000
       4460.0000      0.25654000
       4470.0000      0.25874000
       4480.0000      0.26059000
       4490.0000      0.26195000
       4500.0000      0.26252000
       4510.0000      0.26576000
       4520.0000      0.26690000
       4530.0000      0.26996000
       4540.0000      0.27182000
       4550.0000      0.27432000
       4560.0000      0.27366000
       4570.0000      0.27639000
       4580.0000      0.27663000
       4590.0000      0.27827000
       4600.0000      0.28077000
       4610.0000      0.28185000
       4620.0000      0.28471000
       4630.0000      0.28687000
       4640.0000      0.28892000
       4650.0000      0.28982000
       4660.0000      0.29100000
       4670.0000      0.29274000
       4680.0000      0.29265000
       4690.0000      0.29258000
       4700.0000      0.29420000
       4710.0000      0.29852000
       4720.0000      0.29741000
       4730.0000      0.29887000
       4740.0000      0.30065000
       4750.0000      0.30228000
       4760.0000      0.30478000
       4770.0000      0.30550000
       4780.0000      0.30591000
       4790.0000      0.30625000
       4800.0000      0.30734000
       4810.0000      0.31012000
       4820.0000      0.31095000
       4830.0000      0.31283000
       4840.0000      0.31411000
       4850.0000      0.31356000
       4860.0000      0.31298000
       4870.0000      0.31490000
       4880.0000      0.31702000
       4890.0000      0.31904000
       4900.0000      0.31977000
       4910.0000      0.32262000
       4920.0000      0.32339000
       4930.0000      0.32340000
       4940.0000      0.32311000
       4950.0000      0.32308000
       4960.0000      0.32533000
       4970.0000      0.32642000
       4980.0000      0.32876000
       4990.0000      0.33072000
       5000.0000      0.33022000
       5010.0000      0.33209000
       5020.0000      0.33272000
       5030.0000      0.33466000
       5040.0000      0.33534000
       5050.0000      0.33620000
       5060.0000      0.33652000
       5070.0000      0.33795000
       5080.0000      0.33978000
       5090.0000      0.34055000
       5100.0000      0.34270000
       5110.0000      0.34272000
       5120.0000      0.34157000
       5130.0000      0.34206000
       5140.0000      0.34304000
       5150.0000      0.34580000
       5160.0000      0.34685000
       5170.0000      0.34807000
       5180.0000      0.34834000
       5190.0000      0.34929000
       5200.0000      0.35023000
       5210.0000      0.35198000
       5220.0000      0.35408000
       5230.0000      0.35637000
       5240.0000      0.35843000
       5250.0000      0.35922000
       5260.0000      0.36046000
       5270.0000      0.35977000
       5280.0000      0.36034000
       5290.0000      0.36029000
       5300.0000      0.36066000
       5310.0000      0.36117000
       5320.0000      0.36331000
       5330.0000      0.36362000
       5340.0000      0.36550000
       5350.0000      0.36708000
       5360.0000      0.36876000
       5370.0000      0.36906000
       5380.0000      0.36849000
       5390.0000      0.36500000
       5400.0000      0.36467000
       5410.0000      0.36242000
       5420.0000      0.36734000
       5430.0000      0.37160000
       5440.0000      0.37607000
       5450.0000      0.32277000
       5460.0000      0.32495000
       5470.0000      0.24254000
       5480.0000      0.13981000
       5490.0000     0.062810000
       5500.0000     0.064860000
       5510.0000     0.012550000
       5520.0000    0.0060100000
       5530.0000    0.0031700000
       5540.0000    0.0016500000
       5550.0000    0.0030400000
       5560.0000   0.00059000000
       5570.0000   0.00042000000
       5580.0000   0.00032000000
       5590.0000   0.00038000000
       5600.0000   0.00023000000
       5610.0000   0.00020000000
       5620.0000   0.00019000000
       5630.0000   0.00016000000
       5640.0000   0.00025000000
       5650.0000   0.00014000000
       5660.0000   0.00013000000
       5670.0000   0.00012000000
       5680.0000   0.00012000000
       5690.0000   0.00011000000
       5700.0000   0.00011000000
       5710.0000   0.00017000000
       5720.0000   0.00010000000
       5730.0000   9.0000000e-05
       5740.0000   9.0000000e-05
       5750.0000   0.00010000000
       5760.0000   9.0000000e-05
       5770.0000   9.0000000e-05
       5780.0000   9.0000000e-05
       5790.0000   9.0000000e-05
       5800.0000   9.0000000e-05
       5810.0000   8.0000000e-05
       5820.0000   8.0000000e-05
       5830.0000   8.0000000e-05
       5840.0000   8.0000000e-05
       5850.0000   8.0000000e-05
       5860.0000   8.0000000e-05
       5870.0000   8.0000000e-05
       5880.0000   7.0000000e-05
       5890.0000   7.0000000e-05
       5900.0000   7.0000000e-05
       5910.0000   7.0000000e-05
       5920.0000   7.0000000e-05
       5930.0000   7.0000000e-05
       5940.0000   7.0000000e-05
       5950.0000   7.0000000e-05
       5960.0000   7.0000000e-05
       5970.0000   7.0000000e-05
       5980.0000   7.0000000e-05
       5990.0000   6.0000000e-05
       6000.0000   6.0000000e-05
       6010.0000   6.0000000e-05
       6020.0000   6.0000000e-05
       6030.0000   5.0000000e-05
       6040.0000   5.0000000e-05
       6050.0000   4.0000000e-05
       6060.0000   3.0000000e-05
       6070.0000   3.0000000e-05
       6080.0000   2.0000000e-05
       6090.0000   2.0000000e-05
       6100.0000   1.0000000e-05
       6110.0000   1.0000000e-05
       6120.0000   1.0000000e-05
       6130.0000   1.0000000e-05
       6140.0000   1.0000000e-05
       6150.0000   1.0000000e-05
       6160.0000   1.0000000e-05
       6170.0000   1.0000000e-05
       6180.0000   1.0000000e-05
       6190.0000   1.0000000e-05
       6200.0000   1.0000000e-05
       6210.0000   1.0000000e-05
       6220.0000   1.0000000e-05
       6230.0000   1.0000000e-05
       6240.0000   1.0000000e-05
       6250.0000   1.0000000e-05
       6260.0000   1.0000000e-05
       6270.0000   1.0000000e-05
       6280.0000   1.0000000e-05
       6290.0000   1.0000000e-05
       6300.0000   1.0000000e-05
       6310.0000   1.0000000e-05
       6320.0000   1.0000000e-05
       6330.0000   1.0000000e-05
       6340.0000   1.0000000e-05
       6350.0000   1.0000000e-05
       6360.0000   1.0000000e-05
       6370.0000   1.0000000e-05
       6380.0000   1.0000000e-05
       6390.0000   1.0000000e-05
       6400.0000   1.0000000e-05
       6410.0000   1.0000000e-05
       6420.0000   1.0000000e-05
       6430.0000   1.0000000e-05
       6440.0000   1.0000000e-05
       6450.0000   1.0000000e-05
       6460.0000   1.0000000e-05
       6470.0000   1.0000000e-05
       6480.0000   1.0000000e-05
       6490.0000   1.0000000e-05
       6500.0000   1.0000000e-05
       6510.0000   1.0000000e-05
       6520.0000   1.0000000e-05
       6530.0000   1.0000000e-05
       6540.0000   1.0000000e-05
       6550.0000   1.0000000e-05
       6560.0000   1.0000000e-05
       6570.0000   1.0000000e-05
       6580.0000   1.0000000e-05
       6590.0000   1.0000000e-05
       6600.0000   1.0000000e-05
       6610.0000   1.0000000e-05
       6620.0000   1.0000000e-05
       6630.0000   1.0000000e-05
       6640.0000   1.0000000e-05
       6650.0000   1.0000000e-05
       6660.0000   1.0000000e-05
       6670.0000   1.0000000e-05
       6680.0000   1.0000000e-05
       6690.0000   1.0000000e-05
       6700.0000   1.0000000e-05
       6710.0000   1.0000000e-05
       6720.0000   1.0000000e-05
       6730.0000   1.0000000e-05
       6740.0000   1.0000000e-05
       6750.0000   1.0000000e-05
       6760.0000   1.0000000e-05
       6770.0000   1.0000000e-05
       6780.0000   1.0000000e-05
       6790.0000   1.0000000e-05
       6800.0000   1.0000000e-05
       6810.0000   1.0000000e-05
       6820.0000   2.0000000e-05
       6830.0000   2.0000000e-05
       6840.0000   2.0000000e-05
       6850.0000   3.0000000e-05
       6860.0000   3.0000000e-05
       6870.0000   3.0000000e-05
       6880.0000   3.0000000e-05
       6890.0000   3.0000000e-05
       6900.0000   3.0000000e-05
       6910.0000   3.0000000e-05
       6920.0000   3.0000000e-05
       6930.0000   3.0000000e-05
       6940.0000   3.0000000e-05
       6950.0000   3.0000000e-05
       6960.0000   2.0000000e-05
       6970.0000   2.0000000e-05
       6980.0000   2.0000000e-05
       6990.0000   2.0000000e-05
       7000.0000   2.0000000e-05
       7010.0000   2.0000000e-05
       7020.0000   2.0000000e-05
       7030.0000   2.0000000e-05
       7040.0000   2.0000000e-05
       7050.0000   2.0000000e-05
       7060.0000   2.0000000e-05
       7070.0000   2.0000000e-05
       7080.0000   3.0000000e-05
       7090.0000   3.0000000e-05
       7100.0000   3.0000000e-05
       7110.0000   3.0000000e-05
       7120.0000   3.0000000e-05
       7130.0000   3.0000000e-05
       7140.0000   3.0000000e-05
       7150.0000   3.0000000e-05
       7160.0000   3.0000000e-05
       7170.0000   3.0000000e-05
       7180.0000   3.0000000e-05
       7190.0000   3.0000000e-05
       7200.0000   3.0000000e-05
       7210.0000   3.0000000e-05
       7220.0000   4.0000000e-05
       7230.0000   4.0000000e-05
       7240.0000   4.0000000e-05
       7250.0000   5.0000000e-05
       7260.0000   5.0000000e-05
       7270.0000   5.0000000e-05
       7280.0000   6.0000000e-05
       7290.0000   6.0000000e-05
       7300.0000   6.0000000e-05
       7310.0000   7.0000000e-05
       7320.0000   7.0000000e-05
       7330.0000   7.0000000e-05
       7340.0000   7.0000000e-05
       7350.0000   6.0000000e-05
       7360.0000   6.0000000e-05
       7370.0000   6.0000000e-05
       7380.0000   6.0000000e-05
       7390.0000   6.0000000e-05
       7400.0000   6.0000000e-05
       7410.0000   6.0000000e-05
       7420.0000   7.0000000e-05
       7430.0000   7.0000000e-05
       7440.0000   7.0000000e-05
       7450.0000   7.0000000e-05
       7460.0000   7.0000000e-05
       7470.0000   8.0000000e-05
       7480.0000   8.0000000e-05
       7490.0000   8.0000000e-05
       7500.0000   9.0000000e-05
       7510.0000   9.0000000e-05
       7520.0000   0.00010000000
       7530.0000   0.00011000000
       7540.0000   0.00011000000
       7550.0000   0.00012000000
       7560.0000   0.00013000000
       7570.0000   0.00013000000
       7580.0000   0.00014000000
       7590.0000   0.00014000000
       7600.0000   7.0000000e-05
       7610.0000   6.0000000e-05
       7620.0000   0.00012000000
       7630.0000   0.00010000000
       7640.0000   0.00012000000
       7650.0000   0.00014000000
       7660.0000   0.00018000000
       7670.0000   0.00020000000
       7680.0000   0.00022000000
       7690.0000   0.00024000000
       7700.0000   0.00025000000
       7710.0000   0.00027000000
       7720.0000   0.00028000000
       7730.0000   0.00030000000
       7740.0000   0.00031000000
       7750.0000   0.00033000000
       7760.0000   0.00034000000
       7770.0000   0.00035000000
       7780.0000   0.00037000000
       7790.0000   0.00038000000
       7800.0000   0.00040000000
       7810.0000   0.00042000000
       7820.0000   0.00045000000
       7830.0000   0.00047000000
       7840.0000   0.00050000000
       7850.0000   0.00052000000
       7860.0000   0.00055000000
       7870.0000   0.00057000000
       7880.0000   0.00059000000
       7890.0000   0.00061000000
       7900.0000   0.00064000000
       7910.0000   0.00068000000
       7920.0000   0.00071000000
       7930.0000   0.00075000000
       7940.0000   0.00079000000
       7950.0000   0.00083000000
       7960.0000   0.00086000000
       7970.0000   0.00089000000
       7980.0000   0.00094000000
       7990.0000   0.00097000000
       8000.0000   0.00097000000
       8010.0000   0.00097000000
       8020.0000   0.00097000000
       8030.0000   0.00097000000
       8040.0000   0.00097000000
       8050.0000   0.00097000000
       8060.0000   0.00098000000
       8070.0000   0.00099000000
       8080.0000   0.00099000000
       8090.0000   0.00099000000
       8100.0000   0.00099000000
       8110.0000   0.00099000000
       8120.0000   0.00099000000
       8130.0000   0.00099000000
       8140.0000   0.00099000000
       8150.0000   0.00098000000
       8160.0000   0.00097000000
       8170.0000   0.00098000000
       8180.0000   0.00098000000
       8190.0000   0.00099000000
       8200.0000    0.0010000000
       8210.0000    0.0010000000
       8220.0000   0.00098000000
       8230.0000   0.00094000000
       8240.0000   0.00095000000
       8250.0000   0.00096000000
       8260.0000   0.00095000000
       8270.0000   0.00093000000
       8280.0000   0.00091000000
       8290.0000   0.00090000000
       8300.0000   0.00090000000
       8310.0000   0.00089000000
       8320.0000   0.00087000000
       8330.0000   0.00086000000
       8340.0000   0.00085000000
       8350.0000   0.00084000000
       8360.0000   0.00082000000
       8370.0000   0.00081000000
       8380.0000   0.00079000000
       8390.0000   0.00078000000
       8400.0000   0.00076000000
       8410.0000   0.00075000000
       8420.0000   0.00074000000
       8430.0000   0.00074000000
       8440.0000   0.00074000000
       8450.0000   0.00074000000
       8460.0000   0.00073000000
       8470.0000   0.00073000000
       8480.0000   0.00072000000
       8490.0000   0.00072000000
       8500.0000   0.00071000000
       8510.0000   0.00071000000
       8520.0000   0.00071000000
       8530.0000   0.00071000000
       8540.0000   0.00071000000
       8550.0000   0.00071000000
       8560.0000   0.00071000000
       8570.0000   0.00071000000
       8580.0000   0.00071000000
       8590.0000   0.00071000000
       8600.0000   0.00071000000
       8610.0000   0.00071000000
       8620.0000   0.00070000000
       8630.0000   0.00070000000
       8640.0000   0.00069000000
       8650.0000   0.00068000000
       8660.0000   0.00068000000
       8670.0000   0.00067000000
       8680.0000   0.00067000000
       8690.0000   0.00066000000
       8700.0000   0.00066000000
       8710.0000   0.00065000000
       8720.0000   0.00065000000
       8730.0000   0.00065000000
       8740.0000   0.00064000000
       8750.0000   0.00064000000
       8760.0000   0.00064000000
       8770.0000   0.00063000000
       8780.0000   0.00063000000
       8790.0000   0.00063000000
       8800.0000   0.00062000000
       8810.0000   0.00062000000
       8820.0000   0.00062000000
       8830.0000   0.00061000000
       8840.0000   0.00061000000
       8850.0000   0.00060000000
       8860.0000   0.00060000000
       8870.0000   0.00060000000
       8880.0000   0.00059000000
       8890.0000   0.00060000000
       8900.0000   0.00060000000
       8910.0000   0.00060000000
       8920.0000   0.00060000000
       8930.0000   0.00060000000
       8940.0000   0.00060000000
       8950.0000   0.00059000000
       8960.0000   0.00059000000
       8970.0000   0.00058000000
       8980.0000   0.00058000000
       8990.0000   0.00057000000
       9000.0000   0.00057000000
       9010.0000   0.00057000000
       9020.0000   0.00057000000
       9030.0000   0.00060000000
       9040.0000   0.00062000000
       9050.0000   0.00062000000
       9060.0000   0.00061000000
       9070.0000   0.00060000000
       9080.0000   0.00059000000
       9090.0000   0.00059000000
       9100.0000   0.00060000000
       9110.0000   0.00060000000
       9120.0000   0.00060000000
       9130.0000   0.00058000000
       9140.0000   0.00059000000
       9150.0000   0.00059000000
       9160.0000   0.00059000000
       9170.0000   0.00059000000
       9180.0000   0.00060000000
       9190.0000   0.00061000000
       9200.0000   0.00061000000
       9210.0000   0.00060000000
       9220.0000   0.00060000000
       9230.0000   0.00059000000
       9240.0000   0.00058000000
       9250.0000   0.00057000000
       9260.0000   0.00056000000
       9270.0000   0.00055000000
       9280.0000   0.00054000000
       9290.0000   0.00051000000
       9300.0000   0.00049000000
       9310.0000   0.00046000000
       9320.0000   0.00042000000
       9330.0000   0.00039000000
       9340.0000   0.00036000000
       9350.0000   0.00035000000
       9360.0000   0.00036000000
       9370.0000   0.00035000000
       9380.0000   0.00038000000
       9390.0000   0.00044000000
       9400.0000   0.00045000000
       9410.0000   0.00045000000
       9420.0000   0.00043000000
       9430.0000   0.00039000000
       9440.0000   0.00039000000
       9450.0000   0.00040000000
       9460.0000   0.00040000000
       9470.0000   0.00041000000
       9480.0000   0.00042000000
       9490.0000   0.00042000000
       9500.0000   0.00042000000
       9510.0000   0.00044000000
       9520.0000   0.00043000000
       9530.0000   0.00044000000
       9540.0000   0.00045000000
       9550.0000   0.00044000000
       9560.0000   0.00044000000
       9570.0000   0.00048000000
       9580.0000   0.00048000000
       9590.0000   0.00048000000
       9600.0000   0.00048000000
       9610.0000   0.00047000000
       9620.0000   0.00047000000
       9630.0000   0.00049000000
       9640.0000   0.00049000000
       9650.0000   0.00048000000
       9660.0000   0.00048000000
       9670.0000   0.00049000000
       9680.0000   0.00051000000
       9690.0000   0.00051000000
       9700.0000   0.00051000000
       9710.0000   0.00051000000
       9720.0000   0.00050000000
       9730.0000   0.00050000000
       9740.0000   0.00049000000
       9750.0000   0.00048000000
       9760.0000   0.00048000000
       9770.0000   0.00049000000
       9780.0000   0.00049000000
       9790.0000   0.00049000000
       9800.0000   0.00049000000
       9810.0000   0.00049000000
       9820.0000   0.00048000000
       9830.0000   0.00048000000
       9840.0000   0.00048000000
       9850.0000   0.00047000000
       9860.0000   0.00047000000
       9870.0000   0.00047000000
       9880.0000   0.00046000000
       9890.0000   0.00046000000
       9900.0000   0.00045000000
       9910.0000   0.00045000000
       9920.0000   0.00044000000
       9930.0000   0.00043000000
       9940.0000   0.00043000000
       9950.0000   0.00042000000
       9960.0000   0.00041000000
       9970.0000   0.00041000000
       9980.0000   0.00040000000
       9990.0000   0.00039000000
       10000.000   0.00039000000
       10010.000   0.00038000000
       10020.000   0.00037000000
       10030.000   0.00037000000
       10040.000   0.00036000000
       10050.000   0.00035000000
       10060.000   0.00035000000
       10070.000   0.00034000000
       10080.000   0.00033000000
       10090.000   0.00033000000
       10100.000   0.00032000000
       10110.000   0.00032000000
       10120.000   0.00031000000
       10130.000   0.00030000000
       10140.000   0.00030000000
       10150.000   0.00029000000
       10160.000   0.00028000000
       10170.000   0.00028000000
       10180.000   0.00027000000
       10190.000   0.00026000000
       10200.000   0.00026000000
       10210.000   0.00025000000
       10220.000   0.00024000000
       10230.000   0.00024000000
       10240.000   0.00023000000
       10250.000   0.00022000000
       10260.000   0.00021000000
       10270.000   0.00021000000
       10280.000   0.00020000000
       10290.000   0.00019000000
       10300.000   0.00019000000
       10310.000   0.00018000000
       10320.000   0.00017000000
       10330.000   0.00017000000
       10340.000   0.00016000000
       10350.000   0.00015000000
       10360.000   0.00014000000
       10370.000   0.00014000000
       10380.000   0.00013000000
       10390.000   0.00012000000
       10400.000   0.00012000000
       10410.000   0.00012000000
       10420.000   0.00011000000
       10430.000   0.00011000000
       10440.000   0.00011000000
       10450.000   0.00010000000
       10460.000   0.00010000000
       10470.000   0.00010000000
       10480.000   9.0000000e-05
       10490.000   9.0000000e-05
       10500.000   9.0000000e-05
       10510.000   9.0000000e-05
       10520.000   8.0000000e-05
       10530.000   8.0000000e-05
       10540.000   8.0000000e-05
       10550.000   8.0000000e-05
       10560.000   8.0000000e-05
       10570.000   8.0000000e-05
       10580.000   8.0000000e-05
       10590.000   8.0000000e-05
       10600.000   8.0000000e-05
       10610.000   7.0000000e-05
       10620.000   7.0000000e-05
       10630.000   7.0000000e-05
       10640.000   7.0000000e-05
       10650.000   7.0000000e-05
       10660.000   7.0000000e-05
       10670.000   7.0000000e-05
       10680.000   7.0000000e-05
       10690.000   6.0000000e-05
       10700.000   6.0000000e-05
       10710.000   6.0000000e-05
       10720.000   6.0000000e-05
       10730.000   6.0000000e-05
       10740.000   6.0000000e-05
       10750.000   6.0000000e-05
       10760.000   6.0000000e-05
       10770.000   6.0000000e-05
       10780.000   5.0000000e-05
       10790.000   5.0000000e-05
       10800.000   5.0000000e-05
       10810.000   5.0000000e-05
       10820.000   5.0000000e-05
       10830.000   5.0000000e-05
       10840.000   5.0000000e-05
       10850.000   5.0000000e-05
       10860.000   5.0000000e-05
       10870.000   5.0000000e-05
       10880.000   5.0000000e-05
       10890.000   4.0000000e-05
       10900.000   4.0000000e-05
       10910.000   4.0000000e-05
       10920.000   4.0000000e-05
       10930.000   4.0000000e-05
       10940.000   4.0000000e-05
       10950.000   4.0000000e-05
       10960.000   4.0000000e-05
       10970.000   4.0000000e-05
       10980.000       0.0000000
       10990.000       0.0000000
       11000.000       0.0000000
