       3000.0000       0.0000000
       3010.0000       0.0000000
       3020.0000       0.0000000
       3030.0000       0.0000000
       3040.0000       0.0000000
       3050.0000       0.0000000
       3060.0000       0.0000000
       3070.0000       0.0000000
       3080.0000       0.0000000
       3090.0000       0.0000000
       3100.0000       0.0000000
       3110.0000       0.0000000
       3120.0000       0.0000000
       3130.0000       0.0000000
       3140.0000       0.0000000
       3150.0000       0.0000000
       3160.0000       0.0000000
       3170.0000       0.0000000
       3180.0000       0.0000000
       3190.0000       0.0000000
       3200.0000       0.0000000
       3210.0000       0.0000000
       3220.0000       0.0000000
       3230.0000       0.0000000
       3240.0000       0.0000000
       3250.0000       0.0000000
       3260.0000       0.0000000
       3270.0000       0.0000000
       3280.0000       0.0000000
       3290.0000       0.0000000
       3300.0000       0.0000000
       3310.0000       0.0000000
       3320.0000       0.0000000
       3330.0000       0.0000000
       3340.0000   5.0000000e-05
       3350.0000   6.0000000e-05
       3360.0000   7.0000000e-05
       3370.0000   8.0000000e-05
       3380.0000   9.0000000e-05
       3390.0000   9.0000000e-05
       3400.0000   0.00010000000
       3410.0000   0.00011000000
       3420.0000   0.00012000000
       3430.0000   0.00011000000
       3440.0000   0.00010000000
       3450.0000   9.0000000e-05
       3460.0000   8.0000000e-05
       3470.0000   7.0000000e-05
       3480.0000   6.0000000e-05
       3490.0000   5.0000000e-05
       3500.0000   4.0000000e-05
       3510.0000   2.0000000e-05
       3520.0000   1.0000000e-05
       3530.0000   2.0000000e-05
       3540.0000   3.0000000e-05
       3550.0000   4.0000000e-05
       3560.0000   4.0000000e-05
       3570.0000   5.0000000e-05
       3580.0000   6.0000000e-05
       3590.0000   7.0000000e-05
       3600.0000   8.0000000e-05
       3610.0000   9.0000000e-05
       3620.0000   9.0000000e-05
       3630.0000   0.00010000000
       3640.0000   0.00010000000
       3650.0000   0.00011000000
       3660.0000   0.00012000000
       3670.0000   0.00012000000
       3680.0000   0.00013000000
       3690.0000   0.00014000000
       3700.0000   0.00014000000
       3710.0000   0.00015000000
       3720.0000   0.00014000000
       3730.0000   0.00012000000
       3740.0000   0.00011000000
       3750.0000   0.00010000000
       3760.0000   8.0000000e-05
       3770.0000   7.0000000e-05
       3780.0000   5.0000000e-05
       3790.0000   4.0000000e-05
       3800.0000   2.0000000e-05
       3810.0000   1.0000000e-05
       3820.0000   1.0000000e-05
       3830.0000   1.0000000e-05
       3840.0000   1.0000000e-05
       3850.0000   1.0000000e-05
       3860.0000   1.0000000e-05
       3870.0000   1.0000000e-05
       3880.0000   1.0000000e-05
       3890.0000   1.0000000e-05
       3900.0000   1.0000000e-05
       3910.0000   1.0000000e-05
       3920.0000   2.0000000e-05
       3930.0000   4.0000000e-05
       3940.0000   6.0000000e-05
       3950.0000   8.0000000e-05
       3960.0000   0.00010000000
       3970.0000   0.00012000000
       3980.0000   0.00014000000
       3990.0000   0.00016000000
       4000.0000   0.00018000000
       4010.0000   0.00018000000
       4020.0000   0.00018000000
       4030.0000   0.00019000000
       4040.0000   0.00019000000
       4050.0000   0.00020000000
       4060.0000   0.00020000000
       4070.0000   0.00021000000
       4080.0000   0.00021000000
       4090.0000   0.00022000000
       4100.0000   0.00023000000
       4110.0000   0.00024000000
       4120.0000   0.00025000000
       4130.0000   0.00026000000
       4140.0000   0.00027000000
       4150.0000   0.00028000000
       4160.0000   0.00030000000
       4170.0000   0.00031000000
       4180.0000   0.00032000000
       4190.0000   0.00033000000
       4200.0000   0.00034000000
       4210.0000   0.00035000000
       4220.0000   0.00036000000
       4230.0000   0.00036000000
       4240.0000   0.00037000000
       4250.0000   0.00037000000
       4260.0000   0.00038000000
       4270.0000   0.00038000000
       4280.0000   0.00039000000
       4290.0000   0.00039000000
       4300.0000   0.00036000000
       4310.0000   0.00033000000
       4320.0000   0.00030000000
       4330.0000   0.00027000000
       4340.0000   0.00024000000
       4350.0000   0.00021000000
       4360.0000   0.00017000000
       4370.0000   0.00014000000
       4380.0000   0.00011000000
       4390.0000   8.0000000e-05
       4400.0000   5.0000000e-05
       4410.0000   5.0000000e-05
       4420.0000   5.0000000e-05
       4430.0000   6.0000000e-05
       4440.0000   6.0000000e-05
       4450.0000   7.0000000e-05
       4460.0000   7.0000000e-05
       4470.0000   7.0000000e-05
       4480.0000   8.0000000e-05
       4490.0000   8.0000000e-05
       4500.0000   9.0000000e-05
       4510.0000   8.0000000e-05
       4520.0000   7.0000000e-05
       4530.0000   7.0000000e-05
       4540.0000   6.0000000e-05
       4550.0000   6.0000000e-05
       4560.0000   5.0000000e-05
       4570.0000   5.0000000e-05
       4580.0000   4.0000000e-05
       4590.0000   4.0000000e-05
       4600.0000   4.0000000e-05
       4610.0000   5.0000000e-05
       4620.0000   5.0000000e-05
       4630.0000   5.0000000e-05
       4640.0000   6.0000000e-05
       4650.0000   6.0000000e-05
       4660.0000   7.0000000e-05
       4670.0000   7.0000000e-05
       4680.0000   8.0000000e-05
       4690.0000   8.0000000e-05
       4700.0000   9.0000000e-05
       4710.0000   9.0000000e-05
       4720.0000   0.00010000000
       4730.0000   0.00010000000
       4740.0000   0.00010000000
       4750.0000   0.00011000000
       4760.0000   0.00011000000
       4770.0000   0.00012000000
       4780.0000   0.00012000000
       4790.0000   0.00012000000
       4800.0000   0.00013000000
       4810.0000   0.00013000000
       4820.0000   0.00015000000
       4830.0000   0.00017000000
       4840.0000   0.00019000000
       4850.0000   0.00020000000
       4860.0000   0.00022000000
       4870.0000   0.00024000000
       4880.0000   0.00026000000
       4890.0000   0.00028000000
       4900.0000   0.00029000000
       4910.0000   0.00031000000
       4920.0000   0.00033000000
       4930.0000   0.00034000000
       4940.0000   0.00036000000
       4950.0000   0.00038000000
       4960.0000   0.00040000000
       4970.0000   0.00041000000
       4980.0000   0.00043000000
       4990.0000   0.00045000000
       5000.0000   0.00042000000
       5010.0000   0.00039000000
       5020.0000   0.00037000000
       5030.0000   0.00034000000
       5040.0000   0.00032000000
       5050.0000   0.00029000000
       5060.0000   0.00026000000
       5070.0000   0.00024000000
       5080.0000   0.00021000000
       5090.0000   0.00018000000
       5100.0000   0.00016000000
       5110.0000   0.00017000000
       5120.0000   0.00018000000
       5130.0000   0.00019000000
       5140.0000   0.00021000000
       5150.0000   0.00022000000
       5160.0000   0.00023000000
       5170.0000   0.00024000000
       5180.0000   0.00025000000
       5190.0000   0.00027000000
       5200.0000   0.00028000000
       5210.0000   0.00036000000
       5220.0000   0.00044000000
       5230.0000   0.00052000000
       5240.0000   0.00060000000
       5250.0000   0.00068000000
       5260.0000   0.00076000000
       5270.0000   0.00083000000
       5280.0000   0.00091000000
       5290.0000   0.00099000000
       5300.0000   0.00092000000
       5310.0000   0.00084000000
       5320.0000   0.00077000000
       5330.0000   0.00069000000
       5340.0000   0.00061000000
       5350.0000   0.00054000000
       5360.0000   0.00046000000
       5370.0000   0.00039000000
       5380.0000   0.00031000000
       5390.0000   0.00023000000
       5400.0000   0.00016000000
       5410.0000   0.00024000000
       5420.0000   0.00032000000
       5430.0000   0.00040000000
       5440.0000   0.00048000000
       5450.0000   0.00056000000
       5460.0000   0.00064000000
       5470.0000   0.00073000000
       5480.0000   0.00081000000
       5490.0000   0.00089000000
       5500.0000   0.00097000000
       5510.0000   0.00095000000
       5520.0000   0.00093000000
       5530.0000   0.00091000000
       5540.0000   0.00089000000
       5550.0000   0.00086000000
       5560.0000   0.00084000000
       5570.0000   0.00082000000
       5580.0000   0.00080000000
       5590.0000   0.00078000000
       5600.0000   0.00075000000
       5610.0000   0.00071000000
       5620.0000   0.00066000000
       5630.0000   0.00061000000
       5640.0000   0.00056000000
       5650.0000   0.00051000000
       5660.0000   0.00046000000
       5670.0000   0.00042000000
       5680.0000   0.00037000000
       5690.0000   0.00032000000
       5700.0000   0.00027000000
       5710.0000   0.00022000000
       5720.0000   0.00024000000
       5730.0000   0.00026000000
       5740.0000   0.00028000000
       5750.0000   0.00029000000
       5760.0000   0.00031000000
       5770.0000   0.00033000000
       5780.0000   0.00035000000
       5790.0000   0.00037000000
       5800.0000   0.00039000000
       5810.0000   0.00045000000
       5820.0000   0.00050000000
       5830.0000   0.00056000000
       5840.0000   0.00061000000
       5850.0000   0.00067000000
       5860.0000   0.00072000000
       5870.0000   0.00078000000
       5880.0000   0.00083000000
       5890.0000   0.00087000000
       5900.0000   0.00093000000
       5910.0000   0.00088000000
       5920.0000   0.00082000000
       5930.0000   0.00077000000
       5940.0000   0.00072000000
       5950.0000   0.00066000000
       5960.0000   0.00061000000
       5970.0000   0.00056000000
       5980.0000   0.00050000000
       5990.0000   0.00045000000
       6000.0000   0.00040000000
       6010.0000   0.00034000000
       6020.0000   0.00032000000
       6030.0000   0.00030000000
       6040.0000   0.00027000000
       6050.0000   0.00025000000
       6060.0000   0.00023000000
       6070.0000   0.00020000000
       6080.0000   0.00018000000
       6090.0000   0.00016000000
       6100.0000   0.00013000000
       6110.0000   0.00015000000
       6120.0000   0.00017000000
       6130.0000   0.00019000000
       6140.0000   0.00021000000
       6150.0000   0.00022000000
       6160.0000   0.00024000000
       6170.0000   0.00026000000
       6180.0000   0.00028000000
       6190.0000   0.00030000000
       6200.0000   0.00031000000
       6210.0000   0.00032000000
       6220.0000   0.00032000000
       6230.0000   0.00032000000
       6240.0000   0.00032000000
       6250.0000   0.00032000000
       6260.0000   0.00032000000
       6270.0000   0.00032000000
       6280.0000   0.00031000000
       6290.0000   0.00032000000
       6300.0000   0.00032000000
       6310.0000   0.00035000000
       6320.0000   0.00039000000
       6330.0000   0.00042000000
       6340.0000   0.00046000000
       6350.0000   0.00049000000
       6360.0000   0.00053000000
       6370.0000   0.00056000000
       6380.0000   0.00060000000
       6390.0000   0.00063000000
       6400.0000   0.00067000000
       6410.0000   0.00066000000
       6420.0000   0.00066000000
       6430.0000   0.00066000000
       6440.0000   0.00066000000
       6450.0000   0.00066000000
       6460.0000   0.00065000000
       6470.0000   0.00065000000
       6480.0000   0.00064000000
       6490.0000   0.00064000000
       6500.0000   0.00064000000
       6510.0000   0.00064000000
       6520.0000   0.00064000000
       6530.0000   0.00064000000
       6540.0000   0.00064000000
       6550.0000   0.00063000000
       6560.0000   0.00063000000
       6570.0000   0.00063000000
       6580.0000   0.00063000000
       6590.0000   0.00063000000
       6600.0000   0.00061000000
       6610.0000   0.00058000000
       6620.0000   0.00056000000
       6630.0000   0.00053000000
       6640.0000   0.00051000000
       6650.0000   0.00048000000
       6660.0000   0.00046000000
       6670.0000   0.00043000000
       6680.0000   0.00041000000
       6690.0000   0.00038000000
       6700.0000   0.00039000000
       6710.0000   0.00040000000
       6720.0000   0.00040000000
       6730.0000   0.00041000000
       6740.0000   0.00041000000
       6750.0000   0.00042000000
       6760.0000   0.00042000000
       6770.0000   0.00043000000
       6780.0000   0.00044000000
       6790.0000   0.00044000000
       6800.0000   0.00045000000
       6810.0000   0.00044000000
       6820.0000   0.00043000000
       6830.0000   0.00042000000
       6840.0000   0.00041000000
       6850.0000   0.00041000000
       6860.0000   0.00040000000
       6870.0000   0.00034000000
       6880.0000   0.00034000000
       6890.0000   0.00033000000
       6900.0000   0.00033000000
       6910.0000   0.00032000000
       6920.0000   0.00030000000
       6930.0000   0.00028000000
       6940.0000   0.00026000000
       6950.0000   0.00024000000
       6960.0000   0.00021000000
       6970.0000   0.00019000000
       6980.0000   0.00017000000
       6990.0000   0.00014000000
       7000.0000   0.00016000000
       7010.0000   0.00017000000
       7020.0000   0.00019000000
       7030.0000   0.00020000000
       7040.0000   0.00022000000
       7050.0000   0.00023000000
       7060.0000   0.00025000000
       7070.0000   0.00026000000
       7080.0000   0.00028000000
       7090.0000   0.00030000000
       7100.0000   0.00031000000
       7110.0000   0.00031000000
       7120.0000   0.00030000000
       7130.0000   0.00030000000
       7140.0000   0.00029000000
       7150.0000   0.00029000000
       7160.0000   0.00028000000
       7170.0000   0.00027000000
       7180.0000   0.00026000000
       7190.0000   0.00026000000
       7200.0000   0.00025000000
       7210.0000   0.00026000000
       7220.0000   0.00027000000
       7230.0000   0.00026000000
       7240.0000   0.00026000000
       7250.0000   0.00026000000
       7260.0000   0.00026000000
       7270.0000   0.00026000000
       7280.0000   0.00026000000
       7290.0000   0.00026000000
       7300.0000   0.00026000000
       7310.0000   0.00026000000
       7320.0000   0.00027000000
       7330.0000   0.00027000000
       7340.0000   0.00027000000
       7350.0000   0.00027000000
       7360.0000   0.00027000000
       7370.0000   0.00027000000
       7380.0000   0.00027000000
       7390.0000   0.00027000000
       7400.0000   0.00026000000
       7410.0000   0.00025000000
       7420.0000   0.00024000000
       7430.0000   0.00022000000
       7440.0000   0.00021000000
       7450.0000   0.00020000000
       7460.0000   0.00019000000
       7470.0000   0.00017000000
       7480.0000   0.00016000000
       7490.0000   0.00015000000
       7500.0000   0.00013000000
       7510.0000   0.00012000000
       7520.0000   0.00011000000
       7530.0000   0.00010000000
       7540.0000   8.0000000e-05
       7550.0000   7.0000000e-05
       7560.0000   6.0000000e-05
       7570.0000   4.0000000e-05
       7580.0000   3.0000000e-05
       7590.0000   2.0000000e-05
       7600.0000   1.0000000e-05
       7610.0000   1.0000000e-05
       7620.0000   1.0000000e-05
       7630.0000   1.0000000e-05
       7640.0000   1.0000000e-05
       7650.0000   1.0000000e-05
       7660.0000   1.0000000e-05
       7670.0000   1.0000000e-05
       7680.0000   1.0000000e-05
       7690.0000   1.0000000e-05
       7700.0000   1.0000000e-05
       7710.0000   1.0000000e-05
       7720.0000   1.0000000e-05
       7730.0000   1.0000000e-05
       7740.0000   1.0000000e-05
       7750.0000   1.0000000e-05
       7760.0000   1.0000000e-05
       7770.0000   1.0000000e-05
       7780.0000   1.0000000e-05
       7790.0000   1.0000000e-05
       7800.0000   1.0000000e-05
       7810.0000   1.0000000e-05
       7820.0000   1.0000000e-05
       7830.0000   1.0000000e-05
       7840.0000   1.0000000e-05
       7850.0000   1.0000000e-05
       7860.0000   1.0000000e-05
       7870.0000   1.0000000e-05
       7880.0000   1.0000000e-05
       7890.0000   1.0000000e-05
       7900.0000   1.0000000e-05
       7910.0000   1.0000000e-05
       7920.0000   1.0000000e-05
       7930.0000   2.0000000e-05
       7940.0000   2.0000000e-05
       7950.0000   2.0000000e-05
       7960.0000   2.0000000e-05
       7970.0000   2.0000000e-05
       7980.0000   2.0000000e-05
       7990.0000   2.0000000e-05
       8000.0000   3.0000000e-05
       8010.0000   3.0000000e-05
       8020.0000   3.0000000e-05
       8030.0000   4.0000000e-05
       8040.0000   4.0000000e-05
       8050.0000   4.0000000e-05
       8060.0000   4.0000000e-05
       8070.0000   4.0000000e-05
       8080.0000   4.0000000e-05
       8090.0000   4.0000000e-05
       8100.0000   5.0000000e-05
       8110.0000   5.0000000e-05
       8120.0000   5.0000000e-05
       8130.0000   5.0000000e-05
       8140.0000   5.0000000e-05
       8150.0000   5.0000000e-05
       8160.0000   4.0000000e-05
       8170.0000   5.0000000e-05
       8180.0000   5.0000000e-05
       8190.0000   5.0000000e-05
       8200.0000   4.0000000e-05
       8210.0000   4.0000000e-05
       8220.0000   4.0000000e-05
       8230.0000   3.0000000e-05
       8240.0000   3.0000000e-05
       8250.0000   3.0000000e-05
       8260.0000   3.0000000e-05
       8270.0000   2.0000000e-05
       8280.0000   2.0000000e-05
       8290.0000   2.0000000e-05
       8300.0000   1.0000000e-05
       8310.0000   1.0000000e-05
       8320.0000   1.0000000e-05
       8330.0000   1.0000000e-05
       8340.0000   1.0000000e-05
       8350.0000   1.0000000e-05
       8360.0000   1.0000000e-05
       8370.0000   1.0000000e-05
       8380.0000   1.0000000e-05
       8390.0000   1.0000000e-05
       8400.0000   1.0000000e-05
       8410.0000   2.0000000e-05
       8420.0000   2.0000000e-05
       8430.0000   2.0000000e-05
       8440.0000   3.0000000e-05
       8450.0000   3.0000000e-05
       8460.0000   4.0000000e-05
       8470.0000   4.0000000e-05
       8480.0000   5.0000000e-05
       8490.0000   5.0000000e-05
       8500.0000   6.0000000e-05
       8510.0000   6.0000000e-05
       8520.0000   5.0000000e-05
       8530.0000   5.0000000e-05
       8540.0000   4.0000000e-05
       8550.0000   4.0000000e-05
       8560.0000   3.0000000e-05
       8570.0000   3.0000000e-05
       8580.0000   2.0000000e-05
       8590.0000   2.0000000e-05
       8600.0000   1.0000000e-05
       8610.0000   1.0000000e-05
       8620.0000   2.0000000e-05
       8630.0000   4.0000000e-05
       8640.0000   6.0000000e-05
       8650.0000   7.0000000e-05
       8660.0000   9.0000000e-05
       8670.0000   0.00011000000
       8680.0000   0.00013000000
       8690.0000   0.00014000000
       8700.0000   0.00016000000
       8710.0000   0.00017000000
       8720.0000   0.00019000000
       8730.0000   0.00020000000
       8740.0000   0.00022000000
       8750.0000   0.00024000000
       8760.0000   0.00025000000
       8770.0000   0.00027000000
       8780.0000   0.00028000000
       8790.0000   0.00030000000
       8800.0000   0.00031000000
       8810.0000   0.00033000000
       8820.0000   0.00035000000
       8830.0000   0.00037000000
       8840.0000   0.00038000000
       8850.0000   0.00040000000
       8860.0000   0.00042000000
       8870.0000   0.00044000000
       8880.0000   0.00046000000
       8890.0000   0.00047000000
       8900.0000   0.00047000000
       8910.0000   0.00048000000
       8920.0000   0.00049000000
       8930.0000   0.00049000000
       8940.0000   0.00049000000
       8950.0000   0.00049000000
       8960.0000   0.00049000000
       8970.0000   0.00049000000
       8980.0000   0.00050000000
       8990.0000   0.00049000000
       9000.0000   0.00050000000
       9010.0000   0.00051000000
       9020.0000   0.00056000000
       9030.0000   0.00063000000
       9040.0000   0.00070000000
       9050.0000   0.00075000000
       9060.0000   0.00079000000
       9070.0000   0.00082000000
       9080.0000   0.00085000000
       9090.0000   0.00090000000
       9100.0000    0.0010200000
       9110.0000    0.0010100000
       9120.0000    0.0011900000
       9130.0000    0.0013300000
       9140.0000    0.0011200000
       9150.0000   0.00090000000
       9160.0000    0.0010700000
       9170.0000    0.0012400000
       9180.0000    0.0014900000
       9190.0000    0.0017700000
       9200.0000    0.0018900000
       9210.0000    0.0019500000
       9220.0000    0.0022400000
       9230.0000    0.0025200000
       9240.0000    0.0025500000
       9250.0000    0.0026100000
       9260.0000    0.0027900000
       9270.0000    0.0029300000
       9280.0000    0.0031000000
       9290.0000    0.0032400000
       9300.0000    0.0033500000
       9310.0000    0.0033300000
       9320.0000    0.0034400000
       9330.0000    0.0035600000
       9340.0000    0.0037200000
       9350.0000    0.0040900000
       9360.0000    0.0047600000
       9370.0000    0.0052500000
       9380.0000    0.0094400000
       9390.0000    0.0092900000
       9400.0000     0.011030000
       9410.0000     0.012360000
       9420.0000     0.015360000
       9430.0000     0.017340000
       9440.0000     0.024770000
       9450.0000     0.033440000
       9460.0000     0.033300000
       9470.0000     0.069350000
       9480.0000     0.070890000
       9490.0000      0.13766000
       9500.0000      0.14899000
       9510.0000      0.22220000
       9520.0000      0.26819000
       9530.0000      0.33029000
       9540.0000      0.36356000
       9550.0000      0.37944000
       9560.0000      0.38361000
       9570.0000      0.41531000
       9580.0000      0.41730000
       9590.0000      0.41288000
       9600.0000      0.40587000
       9610.0000      0.40753000
       9620.0000      0.40840000
       9630.0000      0.42067000
       9640.0000      0.41972000
       9650.0000      0.41561000
       9660.0000      0.41618000
       9670.0000      0.42413000
       9680.0000      0.43760000
       9690.0000      0.44231000
       9700.0000      0.44141000
       9710.0000      0.43990000
       9720.0000      0.43655000
       9730.0000      0.43076000
       9740.0000      0.42379000
       9750.0000      0.41928000
       9760.0000      0.42300000
       9770.0000      0.41610000
       9780.0000      0.41249000
       9790.0000      0.41121000
       9800.0000      0.41448000
       9810.0000      0.41454000
       9820.0000      0.40885000
       9830.0000      0.40709000
       9840.0000      0.40643000
       9850.0000      0.40406000
       9860.0000      0.40309000
       9870.0000      0.39992000
       9880.0000      0.39117000
       9890.0000      0.38946000
       9900.0000      0.38625000
       9910.0000      0.38061000
       9920.0000      0.37537000
       9930.0000      0.36961000
       9940.0000      0.36596000
       9950.0000      0.36229000
       9960.0000      0.35647000
       9970.0000      0.35065000
       9980.0000      0.34471000
       9990.0000      0.33923000
       10000.000      0.33297000
       10010.000      0.32628000
       10020.000      0.31937000
       10030.000      0.31420000
       10040.000      0.30791000
       10050.000      0.30161000
       10060.000      0.29538000
       10070.000      0.28914000
       10080.000      0.27709000
       10090.000      0.27331000
       10100.000      0.27238000
       10110.000      0.26145000
       10120.000      0.25548000
       10130.000      0.24949000
       10140.000      0.24300000
       10150.000      0.23683000
       10160.000      0.23037000
       10170.000      0.22392000
       10180.000      0.21715000
       10190.000      0.21009000
       10200.000      0.20362000
       10210.000      0.19741000
       10220.000      0.19065000
       10230.000      0.18392000
       10240.000      0.17709000
       10250.000      0.17098000
       10260.000      0.16531000
       10270.000      0.15941000
       10280.000      0.15414000
       10290.000      0.14907000
       10300.000      0.14292000
       10310.000      0.13695000
       10320.000      0.13104000
       10330.000      0.12514000
       10340.000      0.11845000
       10350.000      0.11176000
       10360.000      0.10478000
       10370.000     0.097810000
       10380.000     0.094430000
       10390.000     0.091050000
       10400.000     0.087750000
       10410.000     0.084440000
       10420.000     0.082110000
       10430.000     0.079780000
       10440.000     0.077290000
       10450.000     0.074700000
       10460.000     0.072370000
       10470.000     0.070040000
       10480.000     0.067820000
       10490.000     0.065690000
       10500.000     0.063310000
       10510.000     0.060840000
       10520.000     0.056440000
       10530.000     0.054080000
       10540.000     0.051550000
       10550.000     0.049100000
       10560.000     0.046590000
       10570.000     0.044140000
       10580.000     0.041590000
       10590.000     0.039150000
       10600.000     0.036750000
       10610.000     0.034260000
       10620.000     0.031780000
       10630.000     0.029340000
       10640.000     0.026870000
       10650.000     0.024400000
       10660.000     0.021970000
       10670.000     0.019540000
       10680.000     0.017070000
       10690.000     0.014640000
       10700.000     0.012240000
       10710.000    0.0098000000
       10720.000    0.0073700000
       10730.000    0.0043600000
       10740.000    0.0011400000
       10750.000   0.00017000000
       10760.000   0.00093000000
       10770.000   0.00015000000
       10780.000   0.00011000000
       10790.000   8.0000000e-05
       10800.000   0.00024000000
       10810.000   0.00022000000
       10820.000   0.00044000000
       10830.000   0.00066000000
       10840.000   3.0000000e-05
       10850.000       0.0000000
       10860.000   0.00029000000
       10870.000   9.0000000e-05
       10880.000   5.0000000e-05
       10890.000   1.0000000e-05
       10900.000   0.00029000000
       10910.000   0.00073000000
       10920.000    0.0010400000
       10930.000    0.0013400000
       10940.000   0.00071000000
       10950.000   9.0000000e-05
       10960.000   0.00011000000
       10970.000   2.0000000e-05
       10980.000   4.0000000e-05
       10990.000   7.0000000e-05
       11000.000       0.0000000
