       3000.0000       0.0000000
       3010.0000       0.0000000
       3020.0000       0.0000000
       3030.0000       0.0000000
       3040.0000       0.0000000
       3050.0000       0.0000000
       3060.0000       0.0000000
       3070.0000       0.0000000
       3080.0000       0.0000000
       3090.0000       0.0000000
       3100.0000       0.0000000
       3110.0000       0.0000000
       3120.0000       0.0000000
       3130.0000       0.0000000
       3140.0000       0.0000000
       3150.0000       0.0000000
       3160.0000       0.0000000
       3170.0000       0.0000000
       3180.0000       0.0000000
       3190.0000       0.0000000
       3200.0000       0.0000000
       3210.0000       0.0000000
       3220.0000       0.0000000
       3230.0000       0.0000000
       3240.0000       0.0000000
       3250.0000       0.0000000
       3260.0000       0.0000000
       3270.0000       0.0000000
       3280.0000       0.0000000
       3290.0000       0.0000000
       3300.0000       0.0000000
       3310.0000       0.0000000
       3320.0000       0.0000000
       3330.0000       0.0000000
       3340.0000   0.00011000000
       3350.0000   0.00011000000
       3360.0000   0.00010000000
       3370.0000   0.00010000000
       3380.0000   9.0000000e-05
       3390.0000   9.0000000e-05
       3400.0000   8.0000000e-05
       3410.0000   8.0000000e-05
       3420.0000   7.0000000e-05
       3430.0000   7.0000000e-05
       3440.0000   6.0000000e-05
       3450.0000   6.0000000e-05
       3460.0000   6.0000000e-05
       3470.0000   5.0000000e-05
       3480.0000   5.0000000e-05
       3490.0000   4.0000000e-05
       3500.0000   4.0000000e-05
       3510.0000   3.0000000e-05
       3520.0000   3.0000000e-05
       3530.0000   3.0000000e-05
       3540.0000   3.0000000e-05
       3550.0000   3.0000000e-05
       3560.0000   3.0000000e-05
       3570.0000   3.0000000e-05
       3580.0000   3.0000000e-05
       3590.0000   3.0000000e-05
       3600.0000   3.0000000e-05
       3610.0000   3.0000000e-05
       3620.0000   3.0000000e-05
       3630.0000   3.0000000e-05
       3640.0000   2.0000000e-05
       3650.0000   2.0000000e-05
       3660.0000   2.0000000e-05
       3670.0000   1.0000000e-05
       3680.0000   1.0000000e-05
       3690.0000   1.0000000e-05
       3700.0000       0.0000000
       3710.0000       0.0000000
       3720.0000       0.0000000
       3730.0000       0.0000000
       3740.0000       0.0000000
       3750.0000       0.0000000
       3760.0000   1.0000000e-05
       3770.0000   1.0000000e-05
       3780.0000   1.0000000e-05
       3790.0000   1.0000000e-05
       3800.0000   1.0000000e-05
       3810.0000   1.0000000e-05
       3820.0000   2.0000000e-05
       3830.0000   2.0000000e-05
       3840.0000   3.0000000e-05
       3850.0000   3.0000000e-05
       3860.0000   4.0000000e-05
       3870.0000   4.0000000e-05
       3880.0000   4.0000000e-05
       3890.0000   5.0000000e-05
       3900.0000   5.0000000e-05
       3910.0000   6.0000000e-05
       3920.0000   0.00012000000
       3930.0000   0.00019000000
       3940.0000   0.00025000000
       3950.0000   0.00031000000
       3960.0000   0.00038000000
       3970.0000   0.00044000000
       3980.0000   0.00051000000
       3990.0000   0.00058000000
       4000.0000   0.00064000000
       4010.0000   0.00071000000
       4020.0000   0.00078000000
       4030.0000   0.00085000000
       4040.0000   0.00092000000
       4050.0000   0.00099000000
       4060.0000    0.0010600000
       4070.0000    0.0011300000
       4080.0000    0.0012000000
       4090.0000    0.0012700000
       4100.0000    0.0013400000
       4110.0000    0.0013600000
       4120.0000    0.0013800000
       4130.0000    0.0014100000
       4140.0000    0.0014300000
       4150.0000    0.0014500000
       4160.0000    0.0014700000
       4170.0000    0.0014900000
       4180.0000    0.0015200000
       4190.0000    0.0015400000
       4200.0000    0.0015600000
       4210.0000    0.0015800000
       4220.0000    0.0015400000
       4230.0000    0.0014900000
       4240.0000    0.0014400000
       4250.0000    0.0013900000
       4260.0000    0.0013500000
       4270.0000    0.0013000000
       4280.0000    0.0012500000
       4290.0000    0.0012000000
       4300.0000    0.0011500000
       4310.0000    0.0011000000
       4320.0000    0.0010500000
       4330.0000    0.0010000000
       4340.0000   0.00095000000
       4350.0000   0.00090000000
       4360.0000   0.00085000000
       4370.0000   0.00080000000
       4380.0000   0.00074000000
       4390.0000   0.00069000000
       4400.0000   0.00064000000
       4410.0000   0.00072000000
       4420.0000   0.00080000000
       4430.0000   0.00088000000
       4440.0000   0.00095000000
       4450.0000    0.0010300000
       4460.0000    0.0011100000
       4470.0000    0.0011900000
       4480.0000    0.0012700000
       4490.0000    0.0013500000
       4500.0000    0.0014400000
       4510.0000    0.0013600000
       4520.0000    0.0012900000
       4530.0000    0.0012200000
       4540.0000    0.0011400000
       4550.0000    0.0010700000
       4560.0000   0.00099000000
       4570.0000   0.00092000000
       4580.0000   0.00084000000
       4590.0000   0.00076000000
       4600.0000   0.00069000000
       4610.0000   0.00061000000
       4620.0000   0.00062000000
       4630.0000   0.00063000000
       4640.0000   0.00063000000
       4650.0000   0.00064000000
       4660.0000   0.00065000000
       4670.0000   0.00066000000
       4680.0000   0.00067000000
       4690.0000   0.00067000000
       4700.0000   0.00068000000
       4710.0000   0.00072000000
       4720.0000   0.00076000000
       4730.0000   0.00080000000
       4740.0000   0.00083000000
       4750.0000   0.00087000000
       4760.0000   0.00091000000
       4770.0000   0.00095000000
       4780.0000   0.00099000000
       4790.0000    0.0010300000
       4800.0000    0.0010700000
       4810.0000    0.0011100000
       4820.0000    0.0011500000
       4830.0000    0.0012000000
       4840.0000    0.0012500000
       4850.0000    0.0012900000
       4860.0000    0.0013400000
       4870.0000    0.0013800000
       4880.0000    0.0014300000
       4890.0000    0.0014700000
       4900.0000    0.0015200000
       4910.0000    0.0014800000
       4920.0000    0.0014400000
       4930.0000    0.0014000000
       4940.0000    0.0013600000
       4950.0000    0.0013200000
       4960.0000    0.0012800000
       4970.0000    0.0012400000
       4980.0000    0.0012000000
       4990.0000    0.0011600000
       5000.0000    0.0011200000
       5010.0000    0.0010500000
       5020.0000   0.00099000000
       5030.0000   0.00093000000
       5040.0000   0.00087000000
       5050.0000   0.00080000000
       5060.0000   0.00074000000
       5070.0000   0.00068000000
       5080.0000   0.00061000000
       5090.0000   0.00055000000
       5100.0000   0.00055000000
       5110.0000   0.00055000000
       5120.0000   0.00055000000
       5130.0000   0.00054000000
       5140.0000   0.00054000000
       5150.0000   0.00054000000
       5160.0000   0.00054000000
       5170.0000   0.00054000000
       5180.0000   0.00053000000
       5190.0000   0.00053000000
       5200.0000   0.00053000000
       5210.0000   0.00053000000
       5220.0000   0.00054000000
       5230.0000   0.00054000000
       5240.0000   0.00055000000
       5250.0000   0.00055000000
       5260.0000   0.00056000000
       5270.0000   0.00056000000
       5280.0000   0.00057000000
       5290.0000   0.00057000000
       5300.0000   0.00056000000
       5310.0000   0.00055000000
       5320.0000   0.00055000000
       5330.0000   0.00054000000
       5340.0000   0.00053000000
       5350.0000   0.00052000000
       5360.0000   0.00051000000
       5370.0000   0.00050000000
       5380.0000   0.00050000000
       5390.0000   0.00049000000
       5400.0000   0.00048000000
       5410.0000   0.00047000000
       5420.0000   0.00046000000
       5430.0000   0.00045000000
       5440.0000   0.00043000000
       5450.0000   0.00042000000
       5460.0000   0.00041000000
       5470.0000   0.00040000000
       5480.0000   0.00039000000
       5490.0000   0.00038000000
       5500.0000   0.00037000000
       5510.0000   0.00034000000
       5520.0000   0.00032000000
       5530.0000   0.00030000000
       5540.0000   0.00027000000
       5550.0000   0.00025000000
       5560.0000   0.00022000000
       5570.0000   0.00020000000
       5580.0000   0.00017000000
       5590.0000   0.00015000000
       5600.0000   0.00012000000
       5610.0000   0.00012000000
       5620.0000   0.00011000000
       5630.0000   0.00010000000
       5640.0000   9.0000000e-05
       5650.0000   9.0000000e-05
       5660.0000   8.0000000e-05
       5670.0000   7.0000000e-05
       5680.0000   7.0000000e-05
       5690.0000   6.0000000e-05
       5700.0000   5.0000000e-05
       5710.0000   4.0000000e-05
       5720.0000   4.0000000e-05
       5730.0000   4.0000000e-05
       5740.0000   4.0000000e-05
       5750.0000   4.0000000e-05
       5760.0000   5.0000000e-05
       5770.0000   5.0000000e-05
       5780.0000   5.0000000e-05
       5790.0000   5.0000000e-05
       5800.0000   5.0000000e-05
       5810.0000   5.0000000e-05
       5820.0000   5.0000000e-05
       5830.0000   5.0000000e-05
       5840.0000   5.0000000e-05
       5850.0000   5.0000000e-05
       5860.0000   5.0000000e-05
       5870.0000   5.0000000e-05
       5880.0000   5.0000000e-05
       5890.0000   5.0000000e-05
       5900.0000   4.0000000e-05
       5910.0000   5.0000000e-05
       5920.0000   4.0000000e-05
       5930.0000   4.0000000e-05
       5940.0000   4.0000000e-05
       5950.0000   4.0000000e-05
       5960.0000   4.0000000e-05
       5970.0000   4.0000000e-05
       5980.0000   4.0000000e-05
       5990.0000   4.0000000e-05
       6000.0000   4.0000000e-05
       6010.0000   4.0000000e-05
       6020.0000   4.0000000e-05
       6030.0000   5.0000000e-05
       6040.0000   5.0000000e-05
       6050.0000   5.0000000e-05
       6060.0000   5.0000000e-05
       6070.0000   5.0000000e-05
       6080.0000   5.0000000e-05
       6090.0000   5.0000000e-05
       6100.0000   5.0000000e-05
       6110.0000   5.0000000e-05
       6120.0000   5.0000000e-05
       6130.0000   5.0000000e-05
       6140.0000   5.0000000e-05
       6150.0000   5.0000000e-05
       6160.0000   5.0000000e-05
       6170.0000   5.0000000e-05
       6180.0000   5.0000000e-05
       6190.0000   5.0000000e-05
       6200.0000   5.0000000e-05
       6210.0000   5.0000000e-05
       6220.0000   4.0000000e-05
       6230.0000   4.0000000e-05
       6240.0000   4.0000000e-05
       6250.0000   4.0000000e-05
       6260.0000   4.0000000e-05
       6270.0000   4.0000000e-05
       6280.0000   4.0000000e-05
       6290.0000   4.0000000e-05
       6300.0000   5.0000000e-05
       6310.0000   5.0000000e-05
       6320.0000   5.0000000e-05
       6330.0000   5.0000000e-05
       6340.0000   6.0000000e-05
       6350.0000   6.0000000e-05
       6360.0000   6.0000000e-05
       6370.0000   7.0000000e-05
       6380.0000   7.0000000e-05
       6390.0000   7.0000000e-05
       6400.0000   7.0000000e-05
       6410.0000   8.0000000e-05
       6420.0000   8.0000000e-05
       6430.0000   8.0000000e-05
       6440.0000   8.0000000e-05
       6450.0000   8.0000000e-05
       6460.0000   8.0000000e-05
       6470.0000   9.0000000e-05
       6480.0000   9.0000000e-05
       6490.0000   9.0000000e-05
       6500.0000   9.0000000e-05
       6510.0000   0.00012000000
       6520.0000   6.0000000e-05
       6530.0000   9.0000000e-05
       6540.0000   0.00011000000
       6550.0000   0.00012000000
       6560.0000   0.00013000000
       6570.0000   0.00016000000
       6580.0000   0.00019000000
       6590.0000   0.00017000000
       6600.0000   0.00018000000
       6610.0000   0.00019000000
       6620.0000   0.00019000000
       6630.0000   0.00018000000
       6640.0000   0.00018000000
       6650.0000   0.00019000000
       6660.0000   0.00019000000
       6670.0000   0.00025000000
       6680.0000   0.00030000000
       6690.0000   0.00035000000
       6700.0000   0.00030000000
       6710.0000   0.00032000000
       6720.0000   0.00033000000
       6730.0000    0.0021400000
       6740.0000    0.0039600000
       6750.0000    0.0022200000
       6760.0000   0.00047000000
       6770.0000   0.00056000000
       6780.0000   0.00064000000
       6790.0000   0.00072000000
       6800.0000   0.00080000000
       6810.0000   0.00087000000
       6820.0000   0.00095000000
       6830.0000    0.0010600000
       6840.0000    0.0011700000
       6850.0000    0.0013300000
       6860.0000    0.0014800000
       6870.0000    0.0014500000
       6880.0000    0.0017000000
       6890.0000    0.0025000000
       6900.0000    0.0023300000
       6910.0000    0.0027300000
       6920.0000    0.0031200000
       6930.0000    0.0037900000
       6940.0000    0.0044300000
       6950.0000    0.0057700000
       6960.0000    0.0071100000
       6970.0000     0.010450000
       6980.0000     0.013630000
       6990.0000     0.046280000
       7000.0000     0.032920000
       7010.0000     0.046380000
       7020.0000     0.060100000
       7030.0000     0.087350000
       7040.0000      0.11407000
       7050.0000      0.15083000
       7060.0000      0.18851000
       7070.0000      0.23260000
       7080.0000      0.27654000
       7090.0000      0.35156000
       7100.0000      0.35919000
       7110.0000      0.39753000
       7120.0000      0.43618000
       7130.0000      0.45949000
       7140.0000      0.48335000
       7150.0000      0.49618000
       7160.0000      0.50821000
       7170.0000      0.49859000
       7180.0000      0.49527000
       7190.0000      0.49170000
       7200.0000      0.48666000
       7210.0000      0.50827000
       7220.0000      0.51965000
       7230.0000      0.51573000
       7240.0000      0.50363000
       7250.0000      0.50804000
       7260.0000      0.50948000
       7270.0000      0.51420000
       7280.0000      0.51440000
       7290.0000      0.51975000
       7300.0000      0.51905000
       7310.0000      0.51644000
       7320.0000      0.52598000
       7330.0000      0.53199000
       7340.0000      0.53420000
       7350.0000      0.53279000
       7360.0000      0.52988000
       7370.0000      0.53243000
       7380.0000      0.53650000
       7390.0000      0.53837000
       7400.0000      0.54449000
       7410.0000      0.54652000
       7420.0000      0.54856000
       7430.0000      0.55021000
       7440.0000      0.55110000
       7450.0000      0.55152000
       7460.0000      0.55117000
       7470.0000      0.55079000
       7480.0000      0.55117000
       7490.0000      0.54956000
       7500.0000      0.55204000
       7510.0000      0.55295000
       7520.0000      0.55310000
       7530.0000      0.55329000
       7540.0000      0.55425000
       7550.0000      0.55354000
       7560.0000      0.55283000
       7570.0000      0.55163000
       7580.0000      0.54967000
       7590.0000      0.50813000
       7600.0000      0.22760000
       7610.0000      0.20224000
       7620.0000      0.36122000
       7630.0000      0.31158000
       7640.0000      0.33663000
       7650.0000      0.39419000
       7660.0000      0.46423000
       7670.0000      0.50028000
       7680.0000      0.52359000
       7690.0000      0.53739000
       7700.0000      0.54703000
       7710.0000      0.55104000
       7720.0000      0.55203000
       7730.0000      0.55371000
       7740.0000      0.55464000
       7750.0000      0.55667000
       7760.0000      0.55793000
       7770.0000      0.55897000
       7780.0000      0.56000000
       7790.0000      0.55949000
       7800.0000      0.55898000
       7810.0000      0.55964000
       7820.0000      0.55955000
       7830.0000      0.55919000
       7840.0000      0.55884000
       7850.0000      0.55819000
       7860.0000      0.55754000
       7870.0000      0.55577000
       7880.0000      0.55400000
       7890.0000      0.54919000
       7900.0000      0.54668000
       7910.0000      0.54643000
       7920.0000      0.54523000
       7930.0000      0.54367000
       7940.0000      0.54359000
       7950.0000      0.53970000
       7960.0000      0.53214000
       7970.0000      0.53289000
       7980.0000      0.53584000
       7990.0000      0.53698000
       8000.0000      0.53664000
       8010.0000      0.53771000
       8020.0000      0.53879000
       8030.0000      0.54128000
       8040.0000      0.54603000
       8050.0000      0.54520000
       8060.0000      0.54846000
       8070.0000      0.56254000
       8080.0000      0.55078000
       8090.0000      0.54615000
       8100.0000      0.54234000
       8110.0000      0.53812000
       8120.0000      0.53708000
       8130.0000      0.52716000
       8140.0000      0.53044000
       8150.0000      0.52817000
       8160.0000      0.51892000
       8170.0000      0.52193000
       8180.0000      0.52258000
       8190.0000      0.52182000
       8200.0000      0.52843000
       8210.0000      0.53650000
       8220.0000      0.52609000
       8230.0000      0.50479000
       8240.0000      0.51870000
       8250.0000      0.52670000
       8260.0000      0.52721000
       8270.0000      0.52771000
       8280.0000      0.52316000
       8290.0000      0.52818000
       8300.0000      0.53471000
       8310.0000      0.53992000
       8320.0000      0.54708000
       8330.0000      0.55579000
       8340.0000      0.54913000
       8350.0000      0.55017000
       8360.0000      0.54446000
       8370.0000      0.53950000
       8380.0000      0.54519000
       8390.0000      0.54641000
       8400.0000      0.54532000
       8410.0000      0.54750000
       8420.0000      0.54425000
       8430.0000      0.55423000
       8440.0000      0.55030000
       8450.0000      0.56301000
       8460.0000      0.55350000
       8470.0000      0.57298000
       8480.0000      0.28538000
       8490.0000      0.55304000
       8500.0000      0.56697000
       8510.0000      0.55553000
       8520.0000      0.56032000
       8530.0000      0.49049000
       8540.0000      0.47954000
       8550.0000      0.33257000
       8560.0000      0.31565000
       8570.0000      0.16510000
       8580.0000      0.16244000
       8590.0000     0.066540000
       8600.0000     0.062450000
       8610.0000     0.023430000
       8620.0000     0.023570000
       8630.0000    0.0086500000
       8640.0000    0.0089900000
       8650.0000    0.0037700000
       8660.0000    0.0034800000
       8670.0000    0.0015600000
       8680.0000    0.0014300000
       8690.0000    0.0013000000
       8700.0000    0.0027600000
       8710.0000   0.00092000000
       8720.0000   0.00092000000
       8730.0000   0.00093000000
       8740.0000   0.00061000000
       8750.0000   0.00044000000
       8760.0000   0.00048000000
       8770.0000   0.00052000000
       8780.0000   0.00038000000
       8790.0000   0.00024000000
       8800.0000   0.00059000000
       8810.0000   0.00064000000
       8820.0000   0.00061000000
       8830.0000   0.00057000000
       8840.0000   0.00053000000
       8850.0000   0.00032000000
       8860.0000   0.00039000000
       8870.0000   0.00047000000
       8880.0000   0.00052000000
       8890.0000   0.00049000000
       8900.0000   0.00047000000
       8910.0000   0.00032000000
       8920.0000   0.00032000000
       8930.0000   0.00032000000
       8940.0000   0.00033000000
       8950.0000   0.00039000000
       8960.0000   0.00045000000
       8970.0000   0.00045000000
       8980.0000   0.00044000000
       8990.0000   0.00056000000
       9000.0000   0.00068000000
       9010.0000   0.00046000000
       9020.0000   0.00046000000
       9030.0000   0.00049000000
       9040.0000   0.00050000000
       9050.0000   0.00050000000
       9060.0000   0.00050000000
       9070.0000   0.00049000000
       9080.0000   0.00049000000
       9090.0000   0.00049000000
       9100.0000   0.00049000000
       9110.0000   0.00050000000
       9120.0000   0.00050000000
       9130.0000   0.00049000000
       9140.0000   0.00049000000
       9150.0000   0.00050000000
       9160.0000   0.00050000000
       9170.0000   0.00050000000
       9180.0000   0.00050000000
       9190.0000   0.00051000000
       9200.0000   0.00052000000
       9210.0000   0.00051000000
       9220.0000   0.00051000000
       9230.0000   0.00051000000
       9240.0000   0.00050000000
       9250.0000   0.00050000000
       9260.0000   0.00050000000
       9270.0000   0.00049000000
       9280.0000   0.00048000000
       9290.0000   0.00047000000
       9300.0000   0.00046000000
       9310.0000   0.00044000000
       9320.0000   0.00042000000
       9330.0000   0.00040000000
       9340.0000   0.00037000000
       9350.0000   0.00038000000
       9360.0000   0.00039000000
       9370.0000   0.00039000000
       9380.0000   0.00043000000
       9390.0000   0.00051000000
       9400.0000   0.00052000000
       9410.0000   0.00050000000
       9420.0000   0.00047000000
       9430.0000   0.00043000000
       9440.0000   0.00042000000
       9450.0000   0.00043000000
       9460.0000   0.00042000000
       9470.0000   0.00043000000
       9480.0000   0.00043000000
       9490.0000   0.00042000000
       9500.0000   0.00042000000
       9510.0000   0.00043000000
       9520.0000   0.00042000000
       9530.0000   0.00044000000
       9540.0000   0.00045000000
       9550.0000   0.00045000000
       9560.0000   0.00045000000
       9570.0000   0.00049000000
       9580.0000   0.00050000000
       9590.0000   0.00050000000
       9600.0000   0.00051000000
       9610.0000   0.00051000000
       9620.0000   0.00051000000
       9630.0000   0.00053000000
       9640.0000   0.00053000000
       9650.0000   0.00053000000
       9660.0000   0.00054000000
       9670.0000   0.00055000000
       9680.0000   0.00057000000
       9690.0000   0.00058000000
       9700.0000   0.00058000000
       9710.0000   0.00058000000
       9720.0000   0.00058000000
       9730.0000   0.00057000000
       9740.0000   0.00056000000
       9750.0000   0.00056000000
       9760.0000   0.00057000000
       9770.0000   0.00057000000
       9780.0000   0.00057000000
       9790.0000   0.00058000000
       9800.0000   0.00059000000
       9810.0000   0.00058000000
       9820.0000   0.00057000000
       9830.0000   0.00056000000
       9840.0000   0.00055000000
       9850.0000   0.00054000000
       9860.0000   0.00054000000
       9870.0000   0.00053000000
       9880.0000   0.00052000000
       9890.0000   0.00051000000
       9900.0000   0.00050000000
       9910.0000   0.00049000000
       9920.0000   0.00049000000
       9930.0000   0.00049000000
       9940.0000   0.00049000000
       9950.0000   0.00048000000
       9960.0000   0.00048000000
       9970.0000   0.00048000000
       9980.0000   0.00047000000
       9990.0000   0.00047000000
       10000.000   0.00046000000
       10010.000   0.00045000000
       10020.000   0.00043000000
       10030.000   0.00042000000
       10040.000   0.00041000000
       10050.000   0.00040000000
       10060.000   0.00039000000
       10070.000   0.00038000000
       10080.000   0.00037000000
       10090.000   0.00036000000
       10100.000   0.00035000000
       10110.000   0.00035000000
       10120.000   0.00035000000
       10130.000   0.00034000000
       10140.000   0.00034000000
       10150.000   0.00033000000
       10160.000   0.00033000000
       10170.000   0.00033000000
       10180.000   0.00032000000
       10190.000   0.00032000000
       10200.000   0.00031000000
       10210.000   0.00031000000
       10220.000   0.00030000000
       10230.000   0.00029000000
       10240.000   0.00029000000
       10250.000   0.00028000000
       10260.000   0.00027000000
       10270.000   0.00027000000
       10280.000   0.00026000000
       10290.000   0.00026000000
       10300.000   0.00025000000
       10310.000   0.00024000000
       10320.000   0.00023000000
       10330.000   0.00022000000
       10340.000   0.00021000000
       10350.000   0.00021000000
       10360.000   0.00020000000
       10370.000   0.00019000000
       10380.000   0.00018000000
       10390.000   0.00017000000
       10400.000   0.00017000000
       10410.000   0.00016000000
       10420.000   0.00015000000
       10430.000   0.00015000000
       10440.000   0.00014000000
       10450.000   0.00013000000
       10460.000   0.00013000000
       10470.000   0.00012000000
       10480.000   0.00011000000
       10490.000   0.00011000000
       10500.000   0.00010000000
       10510.000   0.00010000000
       10520.000   0.00010000000
       10530.000   0.00010000000
       10540.000   0.00010000000
       10550.000   0.00010000000
       10560.000   0.00010000000
       10570.000   9.0000000e-05
       10580.000   9.0000000e-05
       10590.000   9.0000000e-05
       10600.000   9.0000000e-05
       10610.000   9.0000000e-05
       10620.000   9.0000000e-05
       10630.000   8.0000000e-05
       10640.000   8.0000000e-05
       10650.000   8.0000000e-05
       10660.000   8.0000000e-05
       10670.000   8.0000000e-05
       10680.000   8.0000000e-05
       10690.000   7.0000000e-05
       10700.000   7.0000000e-05
       10710.000   7.0000000e-05
       10720.000   7.0000000e-05
       10730.000   7.0000000e-05
       10740.000   7.0000000e-05
       10750.000   6.0000000e-05
       10760.000   6.0000000e-05
       10770.000   6.0000000e-05
       10780.000   6.0000000e-05
       10790.000   5.0000000e-05
       10800.000   5.0000000e-05
       10810.000   5.0000000e-05
       10820.000   4.0000000e-05
       10830.000   4.0000000e-05
       10840.000   3.0000000e-05
       10850.000   3.0000000e-05
       10860.000   3.0000000e-05
       10870.000   2.0000000e-05
       10880.000   2.0000000e-05
       10890.000   1.0000000e-05
       10900.000   1.0000000e-05
       10910.000   1.0000000e-05
       10920.000   1.0000000e-05
       10930.000   1.0000000e-05
       10940.000   1.0000000e-05
       10950.000   1.0000000e-05
       10960.000   1.0000000e-05
       10970.000   2.0000000e-05
       10980.000       0.0000000
       10990.000       0.0000000
       11000.000       0.0000000
