       3000.0000       0.0000000
       3010.0000       0.0000000
       3020.0000       0.0000000
       3030.0000       0.0000000
       3040.0000       0.0000000
       3050.0000       0.0000000
       3060.0000       0.0000000
       3070.0000       0.0000000
       3080.0000       0.0000000
       3090.0000       0.0000000
       3100.0000       0.0000000
       3110.0000       0.0000000
       3120.0000       0.0000000
       3130.0000       0.0000000
       3140.0000       0.0000000
       3150.0000       0.0000000
       3160.0000       0.0000000
       3170.0000       0.0000000
       3180.0000       0.0000000
       3190.0000       0.0000000
       3200.0000       0.0000000
       3210.0000       0.0000000
       3220.0000       0.0000000
       3230.0000       0.0000000
       3240.0000       0.0000000
       3250.0000       0.0000000
       3260.0000       0.0000000
       3270.0000       0.0000000
       3280.0000       0.0000000
       3290.0000       0.0000000
       3300.0000       0.0000000
       3310.0000       0.0000000
       3320.0000       0.0000000
       3330.0000       0.0000000
       3340.0000    0.0013900000
       3350.0000    0.0027500000
       3360.0000    0.0034600000
       3370.0000    0.0039500000
       3380.0000    0.0045500000
       3390.0000    0.0046800000
       3400.0000    0.0047100000
       3410.0000    0.0056600000
       3420.0000    0.0063500000
       3430.0000    0.0072300000
       3440.0000    0.0080900000
       3450.0000    0.0090400000
       3460.0000    0.0099700000
       3470.0000    0.0097800000
       3480.0000     0.011480000
       3490.0000     0.011790000
       3500.0000     0.012830000
       3510.0000     0.013890000
       3520.0000     0.014310000
       3530.0000     0.016060000
       3540.0000     0.018460000
       3550.0000     0.019080000
       3560.0000     0.022360000
       3570.0000     0.022720000
       3580.0000     0.025540000
       3590.0000     0.027540000
       3600.0000     0.029640000
       3610.0000     0.030940000
       3620.0000     0.035050000
       3630.0000     0.037180000
       3640.0000     0.039330000
       3650.0000     0.041500000
       3660.0000     0.047780000
       3670.0000     0.048300000
       3680.0000     0.054110000
       3690.0000     0.054900000
       3700.0000     0.059720000
       3710.0000     0.061520000
       3720.0000     0.064380000
       3730.0000     0.067410000
       3740.0000     0.071020000
       3750.0000     0.074660000
       3760.0000     0.078340000
       3770.0000     0.081880000
       3780.0000     0.085140000
       3790.0000     0.088440000
       3800.0000     0.093310000
       3810.0000     0.094930000
       3820.0000     0.097500000
       3830.0000     0.099890000
       3840.0000      0.10447000
       3850.0000      0.10755000
       3860.0000      0.11066000
       3870.0000      0.11430000
       3880.0000      0.11822000
       3890.0000      0.11963000
       3900.0000      0.12105000
       3910.0000      0.12479000
       3920.0000      0.12931000
       3930.0000      0.13032000
       3940.0000      0.13457000
       3950.0000      0.13817000
       3960.0000      0.14129000
       3970.0000      0.14048000
       3980.0000      0.12003000
       3990.0000     0.091080000
       4000.0000     0.050400000
       4010.0000     0.018810000
       4020.0000    0.0077100000
       4030.0000    0.0030900000
       4040.0000    0.0013700000
       4050.0000    0.0012600000
       4060.0000    0.0010600000
       4070.0000   0.00037000000
       4080.0000   0.00021000000
       4090.0000   0.00020000000
       4100.0000   0.00018000000
       4110.0000   0.00013000000
       4120.0000   0.00010000000
       4130.0000   0.00010000000
       4140.0000   9.0000000e-05
       4150.0000   9.0000000e-05
       4160.0000   8.0000000e-05
       4170.0000   8.0000000e-05
       4180.0000   7.0000000e-05
       4190.0000   7.0000000e-05
       4200.0000   8.0000000e-05
       4210.0000   0.00010000000
       4220.0000   6.0000000e-05
       4230.0000   6.0000000e-05
       4240.0000   6.0000000e-05
       4250.0000   6.0000000e-05
       4260.0000   7.0000000e-05
       4270.0000   7.0000000e-05
       4280.0000   6.0000000e-05
       4290.0000   7.0000000e-05
       4300.0000   7.0000000e-05
       4310.0000   6.0000000e-05
       4320.0000   6.0000000e-05
       4330.0000   7.0000000e-05
       4340.0000   7.0000000e-05
       4350.0000   7.0000000e-05
       4360.0000   7.0000000e-05
       4370.0000   7.0000000e-05
       4380.0000   7.0000000e-05
       4390.0000   7.0000000e-05
       4400.0000   8.0000000e-05
       4410.0000   8.0000000e-05
       4420.0000   8.0000000e-05
       4430.0000   8.0000000e-05
       4440.0000   8.0000000e-05
       4450.0000   8.0000000e-05
       4460.0000   9.0000000e-05
       4470.0000   9.0000000e-05
       4480.0000   0.00010000000
       4490.0000   0.00010000000
       4500.0000   0.00010000000
       4510.0000   0.00011000000
       4520.0000   0.00011000000
       4530.0000   0.00011000000
       4540.0000   0.00011000000
       4550.0000   0.00011000000
       4560.0000   0.00012000000
       4570.0000   0.00013000000
       4580.0000   0.00013000000
       4590.0000   0.00014000000
       4600.0000   0.00015000000
       4610.0000   0.00016000000
       4620.0000   0.00016000000
       4630.0000   0.00017000000
       4640.0000   0.00017000000
       4650.0000   0.00018000000
       4660.0000   0.00019000000
       4670.0000   0.00019000000
       4680.0000   0.00020000000
       4690.0000   0.00019000000
       4700.0000   0.00019000000
       4710.0000   0.00018000000
       4720.0000   0.00017000000
       4730.0000   0.00015000000
       4740.0000   0.00013000000
       4750.0000   0.00010000000
       4760.0000   8.0000000e-05
       4770.0000   7.0000000e-05
       4780.0000   6.0000000e-05
       4790.0000   5.0000000e-05
       4800.0000   4.0000000e-05
       4810.0000   3.0000000e-05
       4820.0000   3.0000000e-05
       4830.0000   3.0000000e-05
       4840.0000   2.0000000e-05
       4850.0000   2.0000000e-05
       4860.0000   2.0000000e-05
       4870.0000   2.0000000e-05
       4880.0000   1.0000000e-05
       4890.0000   1.0000000e-05
       4900.0000   1.0000000e-05
       4910.0000   1.0000000e-05
       4920.0000   1.0000000e-05
       4930.0000   1.0000000e-05
       4940.0000   1.0000000e-05
       4950.0000   1.0000000e-05
       4960.0000   1.0000000e-05
       4970.0000   1.0000000e-05
       4980.0000   1.0000000e-05
       4990.0000   1.0000000e-05
       5000.0000   1.0000000e-05
       5010.0000   1.0000000e-05
       5020.0000   1.0000000e-05
       5030.0000   1.0000000e-05
       5040.0000   1.0000000e-05
       5050.0000   1.0000000e-05
       5060.0000   1.0000000e-05
       5070.0000   2.0000000e-05
       5080.0000   2.0000000e-05
       5090.0000   2.0000000e-05
       5100.0000   2.0000000e-05
       5110.0000   2.0000000e-05
       5120.0000   2.0000000e-05
       5130.0000   2.0000000e-05
       5140.0000   2.0000000e-05
       5150.0000   3.0000000e-05
       5160.0000   3.0000000e-05
       5170.0000   3.0000000e-05
       5180.0000   3.0000000e-05
       5190.0000   3.0000000e-05
       5200.0000   3.0000000e-05
       5210.0000   3.0000000e-05
       5220.0000   3.0000000e-05
       5230.0000   3.0000000e-05
       5240.0000   3.0000000e-05
       5250.0000   3.0000000e-05
       5260.0000   3.0000000e-05
       5270.0000   3.0000000e-05
       5280.0000   3.0000000e-05
       5290.0000   3.0000000e-05
       5300.0000   4.0000000e-05
       5310.0000   4.0000000e-05
       5320.0000   4.0000000e-05
       5330.0000   4.0000000e-05
       5340.0000   4.0000000e-05
       5350.0000   4.0000000e-05
       5360.0000   4.0000000e-05
       5370.0000   4.0000000e-05
       5380.0000   4.0000000e-05
       5390.0000   4.0000000e-05
       5400.0000   4.0000000e-05
       5410.0000   4.0000000e-05
       5420.0000   4.0000000e-05
       5430.0000   4.0000000e-05
       5440.0000   4.0000000e-05
       5450.0000   4.0000000e-05
       5460.0000   4.0000000e-05
       5470.0000   4.0000000e-05
       5480.0000   4.0000000e-05
       5490.0000   4.0000000e-05
       5500.0000   4.0000000e-05
       5510.0000   4.0000000e-05
       5520.0000   4.0000000e-05
       5530.0000   5.0000000e-05
       5540.0000   5.0000000e-05
       5550.0000   5.0000000e-05
       5560.0000   5.0000000e-05
       5570.0000   5.0000000e-05
       5580.0000   5.0000000e-05
       5590.0000   5.0000000e-05
       5600.0000   5.0000000e-05
       5610.0000   4.0000000e-05
       5620.0000   4.0000000e-05
       5630.0000   4.0000000e-05
       5640.0000   4.0000000e-05
       5650.0000   3.0000000e-05
       5660.0000   3.0000000e-05
       5670.0000   3.0000000e-05
       5680.0000   2.0000000e-05
       5690.0000   2.0000000e-05
       5700.0000   2.0000000e-05
       5710.0000   1.0000000e-05
       5720.0000   1.0000000e-05
       5730.0000   1.0000000e-05
       5740.0000   1.0000000e-05
       5750.0000   1.0000000e-05
       5760.0000   1.0000000e-05
       5770.0000   1.0000000e-05
       5780.0000   1.0000000e-05
       5790.0000   1.0000000e-05
       5800.0000   1.0000000e-05
       5810.0000   1.0000000e-05
       5820.0000   1.0000000e-05
       5830.0000   1.0000000e-05
       5840.0000   1.0000000e-05
       5850.0000   1.0000000e-05
       5860.0000   1.0000000e-05
       5870.0000   1.0000000e-05
       5880.0000   1.0000000e-05
       5890.0000   1.0000000e-05
       5900.0000       0.0000000
       5910.0000       0.0000000
       5920.0000       0.0000000
       5930.0000       0.0000000
       5940.0000       0.0000000
       5950.0000       0.0000000
       5960.0000       0.0000000
       5970.0000       0.0000000
       5980.0000       0.0000000
       5990.0000       0.0000000
       6000.0000       0.0000000
       6010.0000       0.0000000
       6020.0000       0.0000000
       6030.0000       0.0000000
       6040.0000       0.0000000
       6050.0000       0.0000000
       6060.0000       0.0000000
       6070.0000       0.0000000
       6080.0000       0.0000000
       6090.0000       0.0000000
       6100.0000       0.0000000
       6110.0000       0.0000000
       6120.0000       0.0000000
       6130.0000       0.0000000
       6140.0000       0.0000000
       6150.0000       0.0000000
       6160.0000       0.0000000
       6170.0000       0.0000000
       6180.0000       0.0000000
       6190.0000       0.0000000
       6200.0000       0.0000000
       6210.0000       0.0000000
       6220.0000       0.0000000
       6230.0000       0.0000000
       6240.0000       0.0000000
       6250.0000       0.0000000
       6260.0000       0.0000000
       6270.0000       0.0000000
       6280.0000       0.0000000
       6290.0000       0.0000000
       6300.0000       0.0000000
       6310.0000       0.0000000
       6320.0000       0.0000000
       6330.0000       0.0000000
       6340.0000       0.0000000
       6350.0000       0.0000000
       6360.0000       0.0000000
       6370.0000       0.0000000
       6380.0000       0.0000000
       6390.0000       0.0000000
       6400.0000       0.0000000
       6410.0000       0.0000000
       6420.0000       0.0000000
       6430.0000       0.0000000
       6440.0000       0.0000000
       6450.0000       0.0000000
       6460.0000       0.0000000
       6470.0000       0.0000000
       6480.0000       0.0000000
       6490.0000       0.0000000
       6500.0000       0.0000000
       6510.0000       0.0000000
       6520.0000       0.0000000
       6530.0000       0.0000000
       6540.0000       0.0000000
       6550.0000       0.0000000
       6560.0000       0.0000000
       6570.0000       0.0000000
       6580.0000       0.0000000
       6590.0000       0.0000000
       6600.0000       0.0000000
       6610.0000       0.0000000
       6620.0000       0.0000000
       6630.0000       0.0000000
       6640.0000       0.0000000
       6650.0000       0.0000000
       6660.0000       0.0000000
       6670.0000       0.0000000
       6680.0000       0.0000000
       6690.0000       0.0000000
       6700.0000       0.0000000
       6710.0000       0.0000000
       6720.0000       0.0000000
       6730.0000       0.0000000
       6740.0000       0.0000000
       6750.0000       0.0000000
       6760.0000       0.0000000
       6770.0000       0.0000000
       6780.0000       0.0000000
       6790.0000       0.0000000
       6800.0000       0.0000000
       6810.0000       0.0000000
       6820.0000       0.0000000
       6830.0000       0.0000000
       6840.0000       0.0000000
       6850.0000       0.0000000
       6860.0000       0.0000000
       6870.0000       0.0000000
       6880.0000       0.0000000
       6890.0000       0.0000000
       6900.0000       0.0000000
       6910.0000       0.0000000
       6920.0000       0.0000000
       6930.0000       0.0000000
       6940.0000       0.0000000
       6950.0000       0.0000000
       6960.0000       0.0000000
       6970.0000       0.0000000
       6980.0000       0.0000000
       6990.0000       0.0000000
       7000.0000       0.0000000
       7010.0000       0.0000000
       7020.0000       0.0000000
       7030.0000       0.0000000
       7040.0000       0.0000000
       7050.0000       0.0000000
       7060.0000       0.0000000
       7070.0000       0.0000000
       7080.0000       0.0000000
       7090.0000       0.0000000
       7100.0000       0.0000000
       7110.0000       0.0000000
       7120.0000       0.0000000
       7130.0000       0.0000000
       7140.0000       0.0000000
       7150.0000       0.0000000
       7160.0000       0.0000000
       7170.0000       0.0000000
       7180.0000       0.0000000
       7190.0000       0.0000000
       7200.0000       0.0000000
       7210.0000   1.0000000e-05
       7220.0000       0.0000000
       7230.0000       0.0000000
       7240.0000       0.0000000
       7250.0000       0.0000000
       7260.0000       0.0000000
       7270.0000       0.0000000
       7280.0000       0.0000000
       7290.0000       0.0000000
       7300.0000       0.0000000
       7310.0000       0.0000000
       7320.0000       0.0000000
       7330.0000       0.0000000
       7340.0000       0.0000000
       7350.0000       0.0000000
       7360.0000       0.0000000
       7370.0000       0.0000000
       7380.0000       0.0000000
       7390.0000       0.0000000
       7400.0000   1.0000000e-05
       7410.0000   1.0000000e-05
       7420.0000   1.0000000e-05
       7430.0000   1.0000000e-05
       7440.0000       0.0000000
       7450.0000       0.0000000
       7460.0000       0.0000000
       7470.0000       0.0000000
       7480.0000       0.0000000
       7490.0000       0.0000000
       7500.0000       0.0000000
       7510.0000       0.0000000
       7520.0000   1.0000000e-05
       7530.0000   1.0000000e-05
       7540.0000   1.0000000e-05
       7550.0000   1.0000000e-05
       7560.0000   1.0000000e-05
       7570.0000   1.0000000e-05
       7580.0000   1.0000000e-05
       7590.0000   1.0000000e-05
       7600.0000       0.0000000
       7610.0000       0.0000000
       7620.0000       0.0000000
       7630.0000       0.0000000
       7640.0000       0.0000000
       7650.0000   1.0000000e-05
       7660.0000   1.0000000e-05
       7670.0000   1.0000000e-05
       7680.0000   1.0000000e-05
       7690.0000   1.0000000e-05
       7700.0000   1.0000000e-05
       7710.0000   1.0000000e-05
       7720.0000   1.0000000e-05
       7730.0000   1.0000000e-05
       7740.0000   1.0000000e-05
       7750.0000   1.0000000e-05
       7760.0000   1.0000000e-05
       7770.0000   1.0000000e-05
       7780.0000   1.0000000e-05
       7790.0000   1.0000000e-05
       7800.0000   1.0000000e-05
       7810.0000   1.0000000e-05
       7820.0000   1.0000000e-05
       7830.0000   1.0000000e-05
       7840.0000   1.0000000e-05
       7850.0000   1.0000000e-05
       7860.0000   1.0000000e-05
       7870.0000   1.0000000e-05
       7880.0000   1.0000000e-05
       7890.0000   1.0000000e-05
       7900.0000   1.0000000e-05
       7910.0000   1.0000000e-05
       7920.0000   2.0000000e-05
       7930.0000   2.0000000e-05
       7940.0000   2.0000000e-05
       7950.0000   2.0000000e-05
       7960.0000   2.0000000e-05
       7970.0000   2.0000000e-05
       7980.0000   2.0000000e-05
       7990.0000   2.0000000e-05
       8000.0000   2.0000000e-05
       8010.0000   2.0000000e-05
       8020.0000   2.0000000e-05
       8030.0000   2.0000000e-05
       8040.0000   2.0000000e-05
       8050.0000   2.0000000e-05
       8060.0000   2.0000000e-05
       8070.0000   2.0000000e-05
       8080.0000   2.0000000e-05
       8090.0000   2.0000000e-05
       8100.0000   2.0000000e-05
       8110.0000   2.0000000e-05
       8120.0000   2.0000000e-05
       8130.0000   2.0000000e-05
       8140.0000   2.0000000e-05
       8150.0000   2.0000000e-05
       8160.0000   2.0000000e-05
       8170.0000   2.0000000e-05
       8180.0000   2.0000000e-05
       8190.0000   2.0000000e-05
       8200.0000   2.0000000e-05
       8210.0000   2.0000000e-05
       8220.0000   2.0000000e-05
       8230.0000   2.0000000e-05
       8240.0000   2.0000000e-05
       8250.0000   2.0000000e-05
       8260.0000   2.0000000e-05
       8270.0000   2.0000000e-05
       8280.0000   2.0000000e-05
       8290.0000   2.0000000e-05
       8300.0000   2.0000000e-05
       8310.0000   2.0000000e-05
       8320.0000   2.0000000e-05
       8330.0000   2.0000000e-05
       8340.0000   2.0000000e-05
       8350.0000   2.0000000e-05
       8360.0000   2.0000000e-05
       8370.0000   2.0000000e-05
       8380.0000   2.0000000e-05
       8390.0000   2.0000000e-05
       8400.0000   2.0000000e-05
       8410.0000   2.0000000e-05
       8420.0000   3.0000000e-05
       8430.0000   3.0000000e-05
       8440.0000   3.0000000e-05
       8450.0000   3.0000000e-05
       8460.0000   3.0000000e-05
       8470.0000   4.0000000e-05
       8480.0000   4.0000000e-05
       8490.0000   4.0000000e-05
       8500.0000   4.0000000e-05
       8510.0000   5.0000000e-05
       8520.0000   5.0000000e-05
       8530.0000   6.0000000e-05
       8540.0000   6.0000000e-05
       8550.0000   6.0000000e-05
       8560.0000   7.0000000e-05
       8570.0000   7.0000000e-05
       8580.0000   8.0000000e-05
       8590.0000   8.0000000e-05
       8600.0000   9.0000000e-05
       8610.0000   9.0000000e-05
       8620.0000   0.00010000000
       8630.0000   0.00010000000
       8640.0000   0.00011000000
       8650.0000   0.00011000000
       8660.0000   0.00012000000
       8670.0000   0.00013000000
       8680.0000   0.00013000000
       8690.0000   0.00014000000
       8700.0000   0.00014000000
       8710.0000   0.00015000000
       8720.0000   0.00015000000
       8730.0000   0.00016000000
       8740.0000   0.00016000000
       8750.0000   0.00017000000
       8760.0000   0.00018000000
       8770.0000   0.00018000000
       8780.0000   0.00019000000
       8790.0000   0.00019000000
       8800.0000   0.00020000000
       8810.0000   0.00022000000
       8820.0000   0.00023000000
       8830.0000   0.00024000000
       8840.0000   0.00025000000
       8850.0000   0.00027000000
       8860.0000   0.00028000000
       8870.0000   0.00029000000
       8880.0000   0.00030000000
       8890.0000   0.00030000000
       8900.0000   0.00030000000
       8910.0000   0.00029000000
       8920.0000   0.00029000000
       8930.0000   0.00028000000
       8940.0000   0.00028000000
       8950.0000   0.00027000000
       8960.0000   0.00026000000
       8970.0000   0.00025000000
       8980.0000   0.00025000000
       8990.0000   0.00024000000
       9000.0000   0.00024000000
       9010.0000   0.00024000000
       9020.0000   0.00024000000
       9030.0000   0.00025000000
       9040.0000   0.00026000000
       9050.0000   0.00026000000
       9060.0000   0.00026000000
       9070.0000   0.00026000000
       9080.0000   0.00026000000
       9090.0000   0.00026000000
       9100.0000   0.00026000000
       9110.0000   0.00027000000
       9120.0000   0.00027000000
       9130.0000   0.00026000000
       9140.0000   0.00026000000
       9150.0000   0.00026000000
       9160.0000   0.00027000000
       9170.0000   0.00027000000
       9180.0000   0.00027000000
       9190.0000   0.00027000000
       9200.0000   0.00028000000
       9210.0000   0.00028000000
       9220.0000   0.00028000000
       9230.0000   0.00028000000
       9240.0000   0.00027000000
       9250.0000   0.00027000000
       9260.0000   0.00027000000
       9270.0000   0.00027000000
       9280.0000   0.00027000000
       9290.0000   0.00025000000
       9300.0000   0.00024000000
       9310.0000   0.00023000000
       9320.0000   0.00021000000
       9330.0000   0.00019000000
       9340.0000   0.00017000000
       9350.0000   0.00017000000
       9360.0000   0.00017000000
       9370.0000   0.00017000000
       9380.0000   0.00018000000
       9390.0000   0.00021000000
       9400.0000   0.00021000000
       9410.0000   0.00020000000
       9420.0000   0.00019000000
       9430.0000   0.00017000000
       9440.0000   0.00017000000
       9450.0000   0.00017000000
       9460.0000   0.00017000000
       9470.0000   0.00017000000
       9480.0000   0.00018000000
       9490.0000   0.00017000000
       9500.0000   0.00017000000
       9510.0000   0.00018000000
       9520.0000   0.00017000000
       9530.0000   0.00018000000
       9540.0000   0.00018000000
       9550.0000   0.00018000000
       9560.0000   0.00018000000
       9570.0000   0.00019000000
       9580.0000   0.00019000000
       9590.0000   0.00019000000
       9600.0000   0.00019000000
       9610.0000   0.00019000000
       9620.0000   0.00019000000
       9630.0000   0.00020000000
       9640.0000   0.00020000000
       9650.0000   0.00020000000
       9660.0000   0.00020000000
       9670.0000   0.00020000000
       9680.0000   0.00021000000
       9690.0000   0.00021000000
       9700.0000   0.00021000000
       9710.0000   0.00021000000
       9720.0000   0.00021000000
       9730.0000   0.00021000000
       9740.0000   0.00021000000
       9750.0000   0.00020000000
       9760.0000   0.00021000000
       9770.0000   0.00021000000
       9780.0000   0.00021000000
       9790.0000   0.00021000000
       9800.0000   0.00021000000
       9810.0000   0.00021000000
       9820.0000   0.00021000000
       9830.0000   0.00021000000
       9840.0000   0.00021000000
       9850.0000   0.00021000000
       9860.0000   0.00022000000
       9870.0000   0.00022000000
       9880.0000   0.00022000000
       9890.0000   0.00022000000
       9900.0000   0.00022000000
       9910.0000   0.00021000000
       9920.0000   0.00021000000
       9930.0000   0.00021000000
       9940.0000   0.00021000000
       9950.0000   0.00021000000
       9960.0000   0.00020000000
       9970.0000   0.00020000000
       9980.0000   0.00020000000
       9990.0000   0.00020000000
       10000.000   0.00019000000
       10010.000   0.00019000000
       10020.000   0.00019000000
       10030.000   0.00019000000
       10040.000   0.00018000000
       10050.000   0.00018000000
       10060.000   0.00018000000
       10070.000   0.00018000000
       10080.000   0.00017000000
       10090.000   0.00017000000
       10100.000   0.00017000000
       10110.000   0.00017000000
       10120.000   0.00016000000
       10130.000   0.00016000000
       10140.000   0.00016000000
       10150.000   0.00015000000
       10160.000   0.00015000000
       10170.000   0.00015000000
       10180.000   0.00014000000
       10190.000   0.00014000000
       10200.000   0.00014000000
       10210.000   0.00013000000
       10220.000   0.00013000000
       10230.000   0.00012000000
       10240.000   0.00012000000
       10250.000   0.00012000000
       10260.000   0.00011000000
       10270.000   0.00011000000
       10280.000   0.00010000000
       10290.000   0.00010000000
       10300.000   0.00010000000
       10310.000   9.0000000e-05
       10320.000   9.0000000e-05
       10330.000   9.0000000e-05
       10340.000   8.0000000e-05
       10350.000   8.0000000e-05
       10360.000   8.0000000e-05
       10370.000   7.0000000e-05
       10380.000   7.0000000e-05
       10390.000   7.0000000e-05
       10400.000   6.0000000e-05
       10410.000   6.0000000e-05
       10420.000   6.0000000e-05
       10430.000   6.0000000e-05
       10440.000   6.0000000e-05
       10450.000   6.0000000e-05
       10460.000   6.0000000e-05
       10470.000   5.0000000e-05
       10480.000   5.0000000e-05
       10490.000   5.0000000e-05
       10500.000   5.0000000e-05
       10510.000   5.0000000e-05
       10520.000   5.0000000e-05
       10530.000   5.0000000e-05
       10540.000   5.0000000e-05
       10550.000   5.0000000e-05
       10560.000   5.0000000e-05
       10570.000   5.0000000e-05
       10580.000   5.0000000e-05
       10590.000   4.0000000e-05
       10600.000   4.0000000e-05
       10610.000   4.0000000e-05
       10620.000   4.0000000e-05
       10630.000   4.0000000e-05
       10640.000   4.0000000e-05
       10650.000   4.0000000e-05
       10660.000   4.0000000e-05
       10670.000   4.0000000e-05
       10680.000   4.0000000e-05
       10690.000   4.0000000e-05
       10700.000   4.0000000e-05
       10710.000   4.0000000e-05
       10720.000   4.0000000e-05
       10730.000   4.0000000e-05
       10740.000   3.0000000e-05
       10750.000   3.0000000e-05
       10760.000   3.0000000e-05
       10770.000   3.0000000e-05
       10780.000   3.0000000e-05
       10790.000   3.0000000e-05
       10800.000   3.0000000e-05
       10810.000   3.0000000e-05
       10820.000   3.0000000e-05
       10830.000   3.0000000e-05
       10840.000   3.0000000e-05
       10850.000   3.0000000e-05
       10860.000   3.0000000e-05
       10870.000   3.0000000e-05
       10880.000   3.0000000e-05
       10890.000   3.0000000e-05
       10900.000   3.0000000e-05
       10910.000   3.0000000e-05
       10920.000   3.0000000e-05
       10930.000   3.0000000e-05
       10940.000   3.0000000e-05
       10950.000   3.0000000e-05
       10960.000   3.0000000e-05
       10970.000   3.0000000e-05
       10980.000   2.0000000e-05
       10990.000       0.0000000
       11000.000       0.0000000
